time,type,0x,0y,0z,1x,1y,1z,2x,2y,2z,3x,3y,3z
1735187277.671097,handAnchor,-0.10635458,0.17098306,0.97951674,0.22988345,0.9626433,-0.14307722,-0.9673892,0.20995784,-0.1416877,0.2704359,-0.31129307,-0.13503955
1735187277.671097,indexFingerTipParent,1.0,-6.668772e-09,6.9894748e-09,1.5630066e-09,1.0,1.03905355e-08,1.1304779e-08,1.7694923e-08,1.0000001,-0.0231947,2.6583672e-05,-0.00045344234
1735187277.671097,indexFingerTipAnchor,0.9979028,-0.04196099,0.049288888,0.04168005,0.9991087,0.006714134,-0.049526695,-0.00464564,0.9987622,-0.18748423,0.0011922366,0.01789693
1735187277.70441,handAnchor,-0.104052275,0.1696045,0.9800038,0.23001778,0.9627421,-0.14219487,-0.96760774,0.21062262,-0.13918754,0.2700335,-0.31084114,-0.13457951
1735187277.70441,indexFingerTipParent,0.99999994,1.7669137e-09,8.48565e-09,-5.1376543e-09,0.99999994,-1.0304352e-08,-4.2314605e-09,2.1197497e-09,0.99999994,-0.023223728,2.7820468e-05,-0.00045084953
1735187277.70441,indexFingerTipAnchor,0.9976374,-0.03987427,0.055942893,0.039630443,0.99919945,0.005462146,-0.056115955,-0.003232192,0.99841917,-0.1873022,0.0010467616,0.017254267
1735187277.7377129,handAnchor,-0.10687935,0.1765047,0.9784799,0.23200762,0.9613769,-0.14807738,-0.96682435,0.21118839,-0.14370166,0.2693573,-0.30978194,-0.1341189
1735187277.7377129,indexFingerTipParent,1.0,-3.7588217e-09,1.284962e-08,-5.8400147e-09,0.99999994,-8.898217e-09,-8.761731e-09,1.0945449e-09,1.0,-0.023320764,2.7418137e-05,-0.00045777857
1735187277.7377129,indexFingerTipAnchor,0.99757576,-0.04328184,0.054493353,0.043225963,0.9990632,0.0022037139,-0.054537654,0.0001571609,0.99851185,-0.18776606,0.0015375525,0.017366262
1735187277.7710428,handAnchor,-0.10384563,0.17558667,0.9789716,0.23322256,0.9611485,-0.14765058,-0.9668626,0.21298541,-0.14076182,0.2694292,-0.3097133,-0.13415521
1735187277.7710428,indexFingerTipParent,1.0,-1.2484897e-08,8.125397e-09,-6.097685e-09,1.0,-7.8600975e-09,4.5851563e-09,-1.1319545e-08,1.0,-0.0233064,2.8848648e-05,-0.00045749545
1735187277.7710428,indexFingerTipAnchor,0.99746156,-0.04176394,0.05767019,0.04166026,0.99912727,0.0029989684,-0.057745032,-0.00058879104,0.99833107,-0.1877451,0.0013656976,0.016868263
1735187277.804471,handAnchor,-0.100628726,0.1736689,0.9796494,0.23369749,0.96122473,-0.14639746,-0.9670881,0.21420981,-0.13731277,0.26928154,-0.30938217,-0.13378155
1735187277.804471,indexFingerTipParent,0.9999999,-2.8669613e-09,-1.286074e-08,4.038151e-09,0.99999994,-1.7014528e-09,1.497033e-08,7.4490782e-09,0.99999994,-0.023239166,3.580749e-05,-0.00045467913
1735187277.804471,indexFingerTipAnchor,0.99748045,-0.035095222,0.061650135,0.03493729,0.9993828,0.0036376198,-0.061739817,-0.0014745584,0.99809104,-0.18735716,0.0010668341,0.016500285
1735187277.837796,handAnchor,0.4191979,0.17330915,0.8911998,0.121009015,0.9621872,-0.2440335,-0.89979434,0.21014152,0.382375,0.11178763,0.7309654,-0.38593698
1735187277.837796,indexFingerTipParent,0.99999994,-3.2567282e-09,-1.1183658e-09,3.5505217e-09,0.9999999,-1.5342295e-08,2.2039359e-08,-6.4262906e-10,0.99999994,-0.023159653,2.9474497e-05,-0.00045512617
1735187277.837796,indexFingerTipAnchor,0.9977454,-0.035313334,0.057068314,0.034787398,0.99934274,0.01018438,-0.05739042,-0.008176155,0.99831825,-0.18708709,0.0010907603,0.017123714
1735187277.8710852,handAnchor,0.41808373,0.17566282,0.89126223,0.1211708,0.96157354,-0.246361,-0.90029085,0.21099445,0.38073304,0.11183083,0.7312377,-0.3856899
1735187277.8710852,indexFingerTipParent,1.0,-2.1590099e-09,4.666809e-09,1.1731439e-08,1.0,-1.1538329e-08,1.0498089e-08,3.5182952e-09,1.0,-0.023213506,3.5703182e-05,-0.00045506656
1735187277.8710852,indexFingerTipAnchor,0.997748,-0.035455957,0.05693991,0.03543864,0.99937105,0.0013138968,-0.056950487,0.00070689246,0.9983769,-0.18755692,0.0013484852,0.017028997
1735187277.9044151,handAnchor,0.4192844,0.17438856,0.8909484,0.123453796,0.96130925,-0.24625851,-0.8994219,0.21324337,0.38153312,0.11216032,0.73124945,-0.38565755
1735187277.9044151,indexFingerTipParent,0.99999994,-6.552563e-09,-1.2878596e-09,-6.7176606e-09,0.99999994,-1.8644384e-09,-8.728126e-09,-5.995412e-09,0.99999994,-0.023322225,4.196167e-05,-0.00045703351
1735187277.9044151,indexFingerTipAnchor,0.9978363,-0.028804068,0.05910303,0.02876548,0.99958503,0.001502821,-0.0591218,0.00020054194,0.99825066,-0.1880974,0.000814176,0.016846739
1735187277.937873,handAnchor,0.41972077,0.17298582,0.89101636,0.12136481,0.96215904,-0.24396771,-0.89950264,0.21053632,0.38284382,0.1123057,0.73132056,-0.3856151
1735187277.937873,indexFingerTipParent,1.0,-8.096551e-09,-2.441995e-09,-8.43464e-09,1.0,1.6045785e-08,2.791781e-09,1.2643086e-08,1.0,-0.023337722,3.5881996e-05,-0.00045841932
1735187277.937873,indexFingerTipAnchor,0.9978671,-0.027531164,0.05918879,0.026977263,0.9995848,0.010137018,-0.059443336,-0.008518581,0.99819547,-0.18807134,0.00056438905,0.01683203
1735187277.982295,handAnchor,0.4190016,0.17588237,0.8907879,0.121169195,0.9614536,-0.24682963,-0.8998643,0.21135804,0.38153917,0.112379014,0.7315241,-0.38550895
1735187277.982295,indexFingerTipParent,1.0,9.033001e-10,2.0888553e-09,8.5517184e-09,1.0,3.1336298e-09,1.8177044e-08,-6.1675243e-09,0.99999994,-0.023340642,3.6239624e-05,-0.00045868754
1735187277.982295,indexFingerTipAnchor,0.99776536,-0.032701433,0.05826267,0.032656446,0.999465,0.0017243915,-0.058287896,0.00018214661,0.9982996,-0.1881144,0.0010367219,0.017001998
1735187278.015791,handAnchor,0.419586,0.17567766,0.89055324,0.12119325,0.9614666,-0.24676709,-0.8995887,0.21146905,0.38212696,0.11238946,0.73143464,-0.3857388
1735187278.015791,indexFingerTipParent,0.99999994,-1.2571988e-09,9.6010595e-09,6.0696648e-09,0.99999994,-1.1885621e-08,4.2087223e-10,-1.2633851e-08,0.99999994,-0.023349464,3.3468008e-05,-0.00046025217
1735187278.015791,indexFingerTipAnchor,0.99775195,-0.03365803,0.057949837,0.03351871,0.9994324,0.003374334,-0.0580304,-0.0014243264,0.9983137,-0.18803614,0.0011320442,0.01702929
1735187278.049447,handAnchor,0.42372328,0.17196342,0.88931835,0.12146934,0.9621573,-0.2439231,-0.89761,0.21138078,0.3868002,0.112537935,0.73119104,-0.38602382
1735187278.049447,indexFingerTipParent,1.0000001,1.2400321e-09,-8.281731e-09,-5.2347957e-09,1.0000001,4.61408e-09,-7.4346325e-09,-8.611678e-09,1.0000001,-0.023348778,2.9832125e-05,-0.00046017766
1735187278.049447,indexFingerTipAnchor,0.9974555,-0.031980183,0.06372091,0.031700343,0.9994831,0.005397093,-0.06386051,-0.0033634072,0.99795336,-0.18793084,0.00095849484,0.016384883
1735187278.084012,handAnchor,0.42065203,0.17242351,0.89068645,0.11629187,0.96342593,-0.24142691,-0.8997379,0.20513631,0.38521558,0.11248152,0.7312468,-0.3862124
1735187278.084012,indexFingerTipParent,0.99999994,-1.626077e-09,-1.2072359e-08,5.8245035e-09,0.99999994,-5.135167e-09,-1.0113011e-08,-3.6746446e-09,0.99999994,-0.023317873,2.5570393e-05,-0.0004605949
1735187278.084012,indexFingerTipAnchor,0.99778855,-0.02946382,0.05957485,0.028773969,0.9995089,0.012405501,-0.05991123,-0.010663855,0.9981464,-0.1877808,0.0008232015,0.016956955
1735187278.115761,handAnchor,0.42151144,0.1726736,0.89023155,0.11856736,0.96278155,-0.2428857,-0.89903855,0.20793144,0.38535005,0.112374276,0.73125076,-0.38608384
1735187278.115761,indexFingerTipParent,1.0,1.5897793e-08,4.8709445e-09,1.5105748e-09,1.0,-3.230359e-09,9.186426e-09,1.8735925e-08,1.0,-0.023335338,3.2618642e-05,-0.0004592389
1735187278.115761,indexFingerTipAnchor,0.99761415,-0.030060569,0.062148396,0.030206718,0.9995427,-0.0014121304,-0.062077526,0.0032861126,0.9980658,-0.18790898,0.00085119955,0.016587464
1735187278.1494231,handAnchor,0.4199468,0.17382209,0.89074737,0.11622054,0.96310574,-0.24273495,-0.9000765,0.2054589,0.38425145,0.11215338,0.73118055,-0.38626504
1735187278.1494231,indexFingerTipParent,1.0,3.5236525e-09,-1.4319212e-10,-9.082392e-09,1.0,-6.82493e-09,2.8333176e-09,4.7220308e-09,1.0000001,-0.023307681,1.7657876e-05,-0.00045907497
1735187278.1494231,indexFingerTipAnchor,0.9974371,-0.039068542,0.05993564,0.038620163,0.9992167,0.008623488,-0.060225822,-0.006286628,0.99816495,-0.1877101,0.0012152056,0.01681882
1735187278.182578,handAnchor,0.41664284,0.1781369,0.891446,0.11524582,0.9623507,-0.2461692,-0.9017355,0.20530005,0.38042706,0.11207527,0.73145723,-0.3862641
1735187278.182578,indexFingerTipParent,1.0,1.1905964e-08,-6.9400796e-09,1.00848325e-08,1.0000001,9.75064e-09,1.0337246e-08,3.2171266e-09,1.0,-0.023350447,2.2232533e-05,-0.00045898557
1735187278.182578,indexFingerTipAnchor,0.9975672,-0.040571414,0.0566939,0.040441886,0.99917614,0.003430478,-0.05678626,-0.0011293171,0.99838585,-0.18790871,0.0015462352,0.01727035
1735187278.2156239,handAnchor,0.4236322,0.17384616,0.8889959,0.12394648,0.9610554,-0.24700178,-0.8973146,0.21482581,0.3855864,0.11230015,0.7312101,-0.38639933
1735187278.2156239,indexFingerTipParent,0.99999994,-9.459562e-09,-9.415963e-09,1.9799845e-08,0.99999994,-5.0650324e-09,1.7837511e-08,-1.573942e-08,0.99999994,-0.023339242,3.068149e-05,-0.00045609474
1735187278.2156239,indexFingerTipAnchor,0.99711365,-0.037444416,0.06604274,0.037793368,0.9992773,-0.004041663,-0.065843694,0.0065259803,0.9978084,-0.18797548,0.0010221732,0.01602874
1735187278.2491422,handAnchor,0.4219569,0.1720669,0.89013785,0.12461014,0.9614993,-0.244931,-0.89801145,0.21427046,0.38426998,0.11234832,0.73094594,-0.38656446
1735187278.2491422,indexFingerTipParent,0.9999999,-1.7993482e-09,-3.8724863e-09,-2.2055335e-09,0.99999994,5.494484e-09,-1.8415598e-09,2.4410438e-09,0.99999994,-0.023391396,3.5881996e-05,-0.00045733154
1735187278.2491422,indexFingerTipAnchor,0.9975986,-0.026927974,0.063812196,0.026699305,0.9996337,0.0044337814,-0.063908346,-0.0027193571,0.9979522,-0.18836617,0.0005217192,0.01637383
1735187278.282318,handAnchor,0.42149082,0.17170975,0.89042765,0.12502973,0.96152794,-0.24460454,-0.8981721,0.21442845,0.38380647,0.11235215,0.7308606,-0.38660765
1735187278.282318,indexFingerTipParent,1.0000001,-1.9351887e-08,7.288394e-08,1.4535102e-08,1.0000001,-1.5611693e-08,-1.132761e-07,2.6437757e-08,1.0000001,-0.023413543,3.5924197e-05,-0.00045861118
1735187278.282318,indexFingerTipAnchor,0.9976416,-0.026260352,0.06341652,0.025988137,0.9996496,0.005114058,-0.06352864,-0.0034538822,0.9979742,-0.18845876,0.00047217304,0.016454637
1735187278.293414,handAnchor,0.421102,0.17149867,0.89065236,0.12551922,0.9614946,-0.24448536,-0.8982863,0.21474719,0.38336086,0.11234945,0.7307819,-0.38664204
1735187278.293414,indexFingerTipParent,1.0000001,7.953343e-09,4.3567272e-08,-6.9673134e-09,1.0000001,-5.1736855e-08,-1.07212095e-07,5.665337e-08,0.99999994,-0.023436535,3.5068286e-05,-0.0004582
1735187278.293414,indexFingerTipAnchor,0.99762654,-0.027064916,0.06331362,0.026823338,0.9996293,0.004662677,-0.06341638,-0.002953308,0.9979828,-0.18852657,0.00048600143,0.016512835
1735187278.304662,handAnchor,0.42078468,0.17141627,0.89081776,0.12606677,0.96140665,-0.24454805,-0.89835787,0.21520463,0.3829354,0.11234126,0.7307086,-0.38666952
1735187278.304662,indexFingerTipParent,1.0,-1.7179243e-08,2.9203242e-08,1.8717454e-08,0.99999994,-5.682968e-08,-1.12237714e-07,7.3448724e-08,0.9999998,-0.023460636,3.3469478e-05,-0.0004576743
1735187278.304662,indexFingerTipAnchor,0.9975618,-0.029142888,0.06341329,0.028995633,0.99957424,0.0032413884,-0.06348078,-0.0013947501,0.99798197,-0.18857479,0.0005555354,0.016550492
1735187278.315697,handAnchor,0.4209689,0.17164537,0.89068687,0.12567066,0.9614267,-0.24467401,-0.89832747,0.21493332,0.38316,0.11234451,0.73071057,-0.38668844
1735187278.315697,indexFingerTipParent,1.0000001,-2.4822802e-08,-2.9637214e-08,2.5436325e-08,1.0000001,-3.5833942e-08,4.6898915e-08,2.952856e-08,0.99999994,-0.023462763,3.382047e-05,-0.00045735465
1735187278.315697,indexFingerTipAnchor,0.9975563,-0.028629493,0.063731335,0.028433,0.9995877,0.0039877393,-0.06381917,-0.0021659192,0.997959,-0.18861783,0.00059153594,0.016517684
1735187278.32671,handAnchor,0.42143422,0.17209251,0.8903804,0.124843255,0.96147084,-0.2449236,-0.8982245,0.21437718,0.3837123,0.11235059,0.73075205,-0.3866996
1735187278.32671,indexFingerTipParent,1.0,-1.5896411e-08,2.6596031e-11,2.3145098e-08,1.0,-1.9270878e-09,1.6587322e-12,-4.046223e-13,1.0,-0.02345461,3.485568e-05,-0.0004570326
1735187278.32671,indexFingerTipAnchor,0.9975539,-0.027499449,0.0642626,0.027215201,0.99961567,0.0052946135,-0.064383574,-0.003532736,0.99791884,-0.18864836,0.0006398315,0.016439991
1735187278.337992,handAnchor,0.42218,0.17275806,0.8898982,0.12358462,0.96153855,-0.24529608,-0.8980484,0.21353677,0.38459206,0.11235938,0.73083305,-0.38670295
1735187278.337992,indexFingerTipParent,1.0000001,7.2336346e-09,1.9090542e-11,-1.5682224e-08,1.0000001,9.697171e-10,6.003149e-10,-1.3023175e-08,1.0000001,-0.023436416,3.6367524e-05,-0.00045655514
1735187278.337992,indexFingerTipAnchor,0.9975524,-0.025752889,0.06500884,0.025340546,0.99965316,0.007159514,-0.065170445,-0.0054946374,0.9978589,-0.18866621,0.00070009107,0.016317226
1735187278.349063,handAnchor,0.4222764,0.17350484,0.8897071,0.12318856,0.9614203,-0.24595818,-0.89805746,0.21346407,0.3846113,0.11239351,0.7308557,-0.38669753
1735187278.349063,indexFingerTipParent,1.0000001,-1.3276996e-08,1.6058988e-07,2.0431294e-08,1.0000002,3.5457046e-09,-1.4129274e-07,-9.091586e-09,1.0000001,-0.023418808,3.586036e-05,-0.0004564885
1735187278.349063,indexFingerTipAnchor,0.99753135,-0.02744834,0.064636774,0.027089963,0.9996125,0.006414748,-0.06478779,-0.0046479083,0.9978882,-0.18865632,0.00085577427,0.016338792
1735187278.360112,handAnchor,0.4222485,0.1744079,0.8895438,0.12293854,0.96123147,-0.24681978,-0.8981049,0.2135785,0.38443708,0.11244048,0.7308745,-0.38668382
1735187278.360112,indexFingerTipParent,0.9999998,8.1676493e-10,1.5313587e-08,-1.1922865e-09,0.99999976,5.05388e-09,1.583645e-08,-1.4027464e-08,0.9999997,-0.023395779,3.4386583e-05,-0.00045633875
1735187278.360112,indexFingerTipAnchor,0.99749464,-0.03034223,0.063901186,0.030093817,0.999535,0.004845981,-0.06401853,-0.0029108305,0.9979443,-0.1886272,0.001060277,0.016397858
1735187278.371128,handAnchor,0.42206445,0.17544292,0.8894274,0.12282383,0.9609831,-0.24784178,-0.8982069,0.21384808,0.38404825,0.11249741,0.7308876,-0.38666296
1735187278.371128,indexFingerTipParent,1.0000001,-9.067802e-09,-2.9918738e-08,-9.248231e-09,1.0000001,-1.0957592e-08,-7.658694e-08,3.0282155e-08,1.0000002,-0.023368511,3.165123e-05,-0.00045394702
1735187278.371128,indexFingerTipAnchor,0.99742806,-0.03443224,0.06286678,0.034342505,0.9994073,0.0025072591,-0.06291593,-0.00034180828,0.998019,-0.18857789,0.0013089881,0.016499277
1735187278.3823462,handAnchor,0.42158332,0.1758822,0.8895688,0.121703155,0.96115845,-0.2477141,-0.8985854,0.21269546,0.38380313,0.112464376,0.73093367,-0.38666672
1735187278.3823462,indexFingerTipParent,1.0,-1.9277781e-08,-2.4247652e-12,2.0026725e-08,1.0,-5.588788e-09,3.6316965e-12,8.5581195e-12,1.0,-0.023349606,3.014371e-05,-0.00045494575
1735187278.3823462,indexFingerTipAnchor,0.9974732,-0.035261303,0.06167868,0.03507643,0.99937636,0.004077929,-0.061784122,-0.0019041062,0.9980877,-0.18850055,0.0013561947,0.01661641
1735187278.393509,handAnchor,0.42088,0.17609793,0.8898593,0.12015725,0.961509,-0.24710825,-0.8991231,0.21092595,0.3835205,0.11239252,0.73099303,-0.3866788
1735187278.393509,indexFingerTipParent,1.0,-8.110839e-09,5.8622824e-08,2.3753888e-08,1.0000001,-6.481341e-09,-5.2976677e-08,5.9792966e-09,1.0000001,-0.023332423,2.8294191e-05,-0.00045590993
1735187278.393509,indexFingerTipAnchor,0.9975627,-0.035121467,0.060288765,0.034751736,0.99937004,0.0071706,-0.060502645,-0.0050579906,0.99815494,-0.18839926,0.0013281052,0.016762245
1735187278.404409,handAnchor,0.42003092,0.17605947,0.89026815,0.1182511,0.96201915,-0.24604023,-0.89977264,0.20861967,0.38325858,0.11228621,0.7310619,-0.38669923
1735187278.404409,indexFingerTipParent,0.99999994,-1.4711054e-08,3.140424e-11,2.2513245e-08,0.99999994,1.740917e-09,7.566996e-10,-1.4872057e-08,1.0,-0.023316888,2.6378664e-05,-0.00045584302
1735187278.404409,indexFingerTipAnchor,0.9976874,-0.034046687,0.058827344,0.033422664,0.9993743,0.011559996,-0.059184127,-0.009567149,0.9982013,-0.18827596,0.0012267584,0.016923713
1735187278.415851,handAnchor,0.42031002,0.17471097,0.8904019,0.11848917,0.9623178,-0.2447543,-0.8996109,0.20837566,0.38377047,0.11227226,0.7310336,-0.38672692
1735187278.415851,indexFingerTipParent,1.0,-1.6569684e-08,-2.1001735e-11,9.407227e-09,1.0,3.2021738e-08,1.5675539e-09,-2.7897968e-08,1.0000001,-0.023296688,2.6534894e-05,-0.00045608505
1735187278.415851,indexFingerTipAnchor,0.99772143,-0.032831285,0.058938015,0.032230258,0.99941844,0.011119602,-0.059268773,-0.009194697,0.99819976,-0.18816076,0.0010079348,0.016898962
1735187278.4266791,handAnchor,0.42107138,0.1725962,0.89045465,0.11958722,0.9625941,-0.24312843,-0.8991094,0.2088614,0.38468045,0.11228584,0.73096275,-0.38676238
1735187278.4266791,indexFingerTipParent,1.0000001,2.7354993e-08,7.2920386e-08,-1.1799503e-08,1.0000001,9.70328e-10,-7.818126e-08,-7.3517428e-09,1.0000001,-0.023274887,2.7696791e-05,-0.0004559458
1735187278.4266791,indexFingerTipAnchor,0.9977277,-0.031067004,0.059787974,0.030584043,0.9994922,0.008976268,-0.060036432,-0.007127334,0.998171,-0.1880381,0.00069536816,0.016789863
1735187278.437891,handAnchor,0.42230868,0.16971225,0.890423,0.12154768,0.96284294,-0.2411628,-0.8982659,0.21007396,0.38598883,0.112326875,0.7308494,-0.38680565
1735187278.437891,indexFingerTipParent,1.0,1.8320591e-08,1.9041181e-07,-2.506933e-08,1.0000001,-1.366152e-08,-2.3619214e-07,2.3264846e-08,1.0,-0.023251673,2.9833987e-05,-0.0004553518
1735187278.437891,indexFingerTipAnchor,0.9977001,-0.02875542,0.061378423,0.028494054,0.9995807,0.005129422,-0.061500218,-0.0033687123,0.9981012,-0.18790749,0.0002891921,0.016596772
1735187278.449111,handAnchor,0.42201933,0.1702755,0.89045256,0.12118339,0.9627937,-0.24154226,-0.8984509,0.20984356,0.38568303,0.11232905,0.7308768,-0.38680235
1735187278.449111,indexFingerTipParent,1.0,2.1738218e-08,-5.283764e-10,-1.5280673e-08,1.0000001,1.2859479e-08,-7.048948e-08,-1.961962e-08,1.0000001,-0.023248756,2.9412215e-05,-0.00045546543
1735187278.449111,indexFingerTipAnchor,0.99773145,-0.029786786,0.060371574,0.02956276,0.99955237,0.0046009603,-0.060481697,-0.0028057927,0.9981653,-0.18791218,0.00035558591,0.016690388
1735187278.459918,handAnchor,0.4212976,0.17192703,0.89047694,0.12028505,0.9625998,-0.24276069,-0.89891034,0.20938559,0.3848608,0.11232935,0.7309427,-0.38678274
1735187278.459918,indexFingerTipParent,0.9999999,-1.3575583e-08,-1.4406396e-08,-1.9796031e-09,0.99999976,1.097942e-08,-2.8599987e-09,2.1780089e-09,0.9999998,-0.023254031,2.89827e-05,-0.00045621322
1735187278.459918,indexFingerTipAnchor,0.9977712,-0.03195957,0.058577873,0.03174473,0.9994854,0.004594983,-0.05869457,-0.0027252196,0.9982721,-0.18797213,0.00057592883,0.016868528
1735187278.471062,handAnchor,0.42014667,0.17467667,0.8904858,0.11879501,0.9622669,-0.24480669,-0.89964706,0.20863996,0.38354248,0.11232637,0.73104763,-0.3867479
1735187278.471062,indexFingerTipParent,0.99999994,1.052704e-09,-5.8641945e-08,1.219538e-08,0.9999999,-2.5581925e-11,5.468666e-08,-2.5497714e-08,0.9999998,-0.023266783,2.8035895e-05,-0.00045742578
1735187278.471062,indexFingerTipAnchor,0.9978068,-0.035306197,0.055990595,0.035069145,0.9993711,0.005211239,-0.056139424,-0.0032362945,0.99841756,-0.18808348,0.0009548804,0.017131012
1735187278.482182,handAnchor,0.41982335,0.17477092,0.8906199,0.118427746,0.9623468,-0.24467112,-0.89984643,0.20819268,0.38331795,0.11234079,0.73102987,-0.3867762
1735187278.482182,indexFingerTipParent,1.0,-1.5365265e-08,-8.721268e-12,5.01442e-09,1.0,-2.1155243e-08,-8.8766683e-10,1.4901161e-08,0.99999994,-0.0232466,2.6507012e-05,-0.00045799452
1735187278.482182,indexFingerTipAnchor,0.99785614,-0.03656846,0.054273568,0.036336347,0.99932575,0.0052576917,-0.05442922,-0.0032743267,0.9985121,-0.18802123,0.0010161703,0.017274259
1735187278.4933028,handAnchor,0.41968992,0.17413057,0.8908082,0.118302986,0.96255964,-0.24389273,-0.8999251,0.20774452,0.38337642,0.112362,0.7309722,-0.38682747
1735187278.4933028,indexFingerTipParent,0.99999994,-1.1356212e-08,-8.804056e-08,-2.2404227e-09,0.99999994,1.2905691e-08,2.8721763e-08,1.8760044e-08,0.99999994,-0.02321425,2.4790468e-05,-0.00045847154
1735187278.4933028,indexFingerTipAnchor,0.99791557,-0.037410174,0.052577347,0.03718034,0.9992939,0.0053429794,-0.052740216,-0.0033769833,0.99860215,-0.18790102,0.0010036088,0.017401692
1735187278.504455,handAnchor,0.41972908,0.17284146,0.89104074,0.11840999,0.96288437,-0.2425551,-0.8998926,0.2073155,0.38368437,0.11238751,0.7308808,-0.3868981
1735187278.504455,indexFingerTipParent,1.0,4.0276382e-09,1.0288774e-07,-1.0306334e-08,1.0,-2.8874885e-08,-5.7538845e-08,3.792438e-08,1.0000001,-0.023171352,2.301363e-05,-0.0004589144
1735187278.504455,indexFingerTipAnchor,0.99798447,-0.037854303,0.050933756,0.037625745,0.99927706,0.0054390216,-0.051102743,-0.003511658,0.9986875,-0.18772951,0.00092437916,0.017510634
1735187278.515806,handAnchor,0.41932344,0.1733749,0.8911281,0.118388556,0.9627694,-0.24302134,-0.9000846,0.20740388,0.38318616,0.1123437,0.73093724,-0.3868813
1735187278.515806,indexFingerTipParent,0.99999994,-7.953192e-09,8.811959e-08,-1.1077507e-08,0.9999999,-1.4703364e-08,-1.0611729e-07,2.5554817e-08,1.0,-0.02316155,2.2584747e-05,-0.00045842648
1735187278.515806,indexFingerTipAnchor,0.99796975,-0.038808808,0.05049618,0.03860736,0.99924207,0.004958252,-0.050650388,-0.0029986445,0.99871194,-0.18768537,0.0009716751,0.017548984
1735187278.526802,handAnchor,0.41878837,0.17446631,0.8911666,0.11842514,0.96249634,-0.24408261,-0.9003287,0.20775546,0.38242105,0.112268224,0.7310487,-0.38683164
1735187278.526802,indexFingerTipParent,1.0,-2.314361e-08,1.9082601e-07,2.70623e-10,1.0,-4.3124345e-08,-1.7168843e-07,4.6267527e-08,1.0,-0.023162456,2.2849417e-05,-0.00045763096
1735187278.526802,indexFingerTipAnchor,0.9979221,-0.03980416,0.050669827,0.03964204,0.99920535,0.004200965,-0.050796755,-0.0021835873,0.99870676,-0.18767746,0.0010462856,0.017543375
1735187278.545282,handAnchor,0.41812372,0.17611703,0.891154,0.11852029,0.96206284,-0.24573962,-0.90062517,0.20836937,0.3813879,0.112160966,0.73121524,-0.38674915
1735187278.545282,indexFingerTipParent,1.0,-3.9332534e-08,1.9054143e-07,5.2153464e-08,1.0,-4.3321858e-08,-1.3629048e-07,3.0560628e-08,1.0,-0.023174146,2.3872724e-05,-0.00045645548
1735187278.545282,indexFingerTipAnchor,0.9978398,-0.0408411,0.051455557,0.04073208,0.9991651,0.0031665047,-0.051541883,-0.0010637629,0.99867016,-0.18770583,0.0011486557,0.017493822
1735187278.560511,handAnchor,0.41861683,0.17679575,0.89078826,0.11829212,0.9618967,-0.24649893,-0.90042615,0.20856175,0.38175258,0.11215314,0.7312691,-0.38684708
1735187278.560511,indexFingerTipParent,0.9999999,-1.36941205e-08,7.374957e-08,1.981187e-08,0.9999999,-6.509067e-08,-8.7486114e-08,3.972673e-08,1.0,-0.023178337,2.3973058e-05,-0.00045617262
1735187278.560511,indexFingerTipAnchor,0.9977562,-0.041656602,0.052413043,0.04155825,0.9991317,0.002965371,-0.052490994,-0.00078051916,0.99862105,-0.18771861,0.0012793681,0.01739369
1735187278.560581,handAnchor,0.41954473,0.17736503,0.8902381,0.11793407,0.9617622,-0.24719413,-0.90004104,0.20869835,0.38258496,0.1121714,0.73130393,-0.3870064
1735187278.560581,indexFingerTipParent,1.0000001,-2.5228722e-08,1.6106569e-07,1.784294e-08,1.0000001,-5.338116e-08,-1.3117969e-07,4.6891014e-08,1.0000001,-0.023185125,2.3736337e-05,-0.0004559053
1735187278.560581,indexFingerTipAnchor,0.9976508,-0.042417586,0.053794365,0.042319275,0.99909955,0.0029661928,-0.05387182,-0.00068265956,0.9985477,-0.18774444,0.001439557,0.017247554
1735187278.57123,handAnchor,0.42095083,0.1777704,0.88949305,0.11744809,0.9616713,-0.24777775,-0.8994476,0.20877151,0.38393763,0.11222005,0.7313144,-0.3872339
1735187278.57123,indexFingerTipParent,1.0,3.485703e-08,-8.801225e-08,-2.5089346e-08,0.99999994,-2.2835321e-08,7.8502126e-08,7.777999e-09,0.9999999,-0.02319406,2.342608e-05,-0.0004557392
1735187278.57123,indexFingerTipAnchor,0.99752355,-0.043101273,0.05558237,0.04298895,0.9990705,0.003215328,-0.055669297,-0.00081795914,0.9984492,-0.18778148,0.0016281459,0.017054318
1735187278.582281,handAnchor,0.42073652,0.17799422,0.88954955,0.11770319,0.9615635,-0.24807473,-0.8995146,0.20907697,0.3836145,0.11223,0.7312756,-0.38730937
1735187278.582281,indexFingerTipParent,1.0000001,1.997089e-08,-1.322513e-07,-4.0948702e-08,0.99999994,-1.0849175e-08,1.3788272e-07,1.2643423e-08,0.9999999,-0.023232143,2.4207471e-05,-0.00045605417
1735187278.582281,indexFingerTipAnchor,0.9975372,-0.042592347,0.055732735,0.042496905,0.9990926,0.002896231,-0.05580552,-0.000520605,0.9984416,-0.18799327,0.0015912057,0.017047731
1735187278.593277,handAnchor,0.42006168,0.17804506,0.88985837,0.11821472,0.9614743,-0.24817798,-0.899763,0.20944443,0.38283104,0.11223951,0.73120123,-0.38735455
1735187278.593277,indexFingerTipParent,1.0,1.3890379e-09,0.0,7.461493e-10,1.0,-1.8189894e-12,0.0,0.0,1.0,-0.023284348,2.5560672e-05,-0.00045683564
1735187278.593277,indexFingerTipAnchor,0.997603,-0.041505784,0.055370707,0.041433416,0.99913824,0.0024549123,-0.05542496,-0.00015483328,0.9984629,-0.1882896,0.0014690009,0.017098928
1735187278.6044111,handAnchor,0.4189244,0.17789674,0.8904243,0.11899839,0.9614071,-0.24806435,-0.90019006,0.20987923,0.38158733,0.11224683,0.7310946,-0.38736323
1735187278.6044111,indexFingerTipParent,1.0000001,2.8853604e-08,-1.9125582e-07,-3.3523758e-08,1.0000001,-2.8336217e-08,1.6076413e-07,1.33467255e-08,1.0000002,-0.02334946,2.7559767e-05,-0.00045790322
1735187278.6044111,indexFingerTipAnchor,0.9977189,-0.03981607,0.054506,0.039772976,0.99920684,0.0018758154,-0.054537427,0.00029630944,0.99851143,-0.1886635,0.001255875,0.01720787
1735187278.615632,handAnchor,0.41933867,0.17698638,0.89041066,0.11999206,0.9614013,-0.24760741,-0.89986503,0.21067356,0.3819157,0.112261266,0.7310834,-0.3873391
1735187278.615632,indexFingerTipParent,1.0,5.7736216e-09,-7.359631e-08,-2.1021695e-08,1.0,-2.5651389e-08,1.0026263e-08,4.1437097e-08,1.0000002,-0.023357913,2.9036728e-05,-0.00045768905
1735187278.615632,indexFingerTipAnchor,0.9977424,-0.03806891,0.05532067,0.038026955,0.9992749,0.0018111373,-0.055349514,0.0002966052,0.99846715,-0.18874599,0.0010734841,0.017117282
1735187278.629343,handAnchor,0.4202739,0.17559668,0.8902446,0.12122656,0.96143615,-0.24686855,-0.89926285,0.21167369,0.38277954,0.11227815,0.7311025,-0.38728023
1735187278.629343,indexFingerTipParent,1.0000001,-4.2384376e-09,4.3495675e-08,4.846024e-10,1.0000001,-2.5713234e-08,-1.678952e-08,-3.789563e-09,1.0000002,-0.023345308,3.0486728e-05,-0.0004569987
1735187278.629343,indexFingerTipAnchor,0.9977429,-0.035983205,0.056701485,0.03593215,0.99935275,0.0019201329,-0.05673377,0.00012160205,0.9983898,-0.18872523,0.0008593393,0.016958399
1735187278.637846,handAnchor,0.4217279,0.17372742,0.88992375,0.12270273,0.9615102,-0.24585012,-0.89838165,0.21287793,0.38417888,0.1122974,0.7311519,-0.3871867
1735187278.637846,indexFingerTipParent,1.0000001,3.927622e-09,-4.954038e-10,5.213332e-10,1.0000002,1.6400353e-08,5.7916623e-09,1.4879333e-08,1.0000001,-0.023311527,3.1882966e-05,-0.0004558918
1735187278.637846,indexFingerTipAnchor,0.9977144,-0.033561215,0.058648963,0.03348984,0.99943644,0.0022000233,-0.058689848,-0.00023084875,0.99827623,-0.18860072,0.0006140819,0.016731448
1735187278.64909,handAnchor,0.42266527,0.1729907,0.8896228,0.12390478,0.9613665,-0.2458095,-0.8977762,0.21412359,0.38490185,0.11232266,0.7311029,-0.38724238
1735187278.64909,indexFingerTipParent,1.0000002,-1.8376983e-08,1.754961e-07,-5.810484e-09,1.0000001,5.456968e-09,-1.133281e-07,1.3118762e-08,1.0000001,-0.023307879,3.349173e-05,-0.0004552392
1735187278.64909,indexFingerTipAnchor,0.997667,-0.0324036,0.060086984,0.03236263,0.99947464,0.0016548411,-0.06010894,0.00029356964,0.99819165,-0.18856664,0.00052935316,0.016577004
1735187278.660122,handAnchor,0.42365232,0.17249174,0.8892501,0.12513064,0.96114576,-0.24605182,-0.8971408,0.21551275,0.3856076,0.11235191,0.73102665,-0.3873455
1735187278.660122,indexFingerTipParent,0.9999999,-2.3798425e-08,1.5131358e-08,3.204971e-08,1.0000001,4.113976e-08,6.909249e-08,-4.357571e-08,1.0000001,-0.023306126,3.5228182e-05,-0.000454563
1735187278.660122,indexFingerTipAnchor,0.9976,-0.031620953,0.0615952,0.03162879,0.99949956,0.00084824616,-0.06159116,0.0011020047,0.9981009,-0.18851575,0.0004978826,0.016418995
1735187278.6711679,handAnchor,0.42466536,0.17228031,0.8888074,0.12635294,0.96084166,-0.24661338,-0.89649004,0.21703157,0.38626823,0.11238518,0.73091936,-0.38750136
1735187278.6711679,indexFingerTipParent,1.0000001,-1.4140399e-08,1.3969839e-08,-1.3170997e-09,1.0,4.1167368e-08,6.0070306e-08,-2.1806045e-08,1.0000001,-0.023307575,3.71036e-05,-0.00045390957
1735187278.6711679,indexFingerTipAnchor,0.997514,-0.031264562,0.06315319,0.031343203,0.9995086,-0.00025495887,-0.063114166,0.002233753,0.9980038,-0.18845388,0.0005264031,0.016260324
1735187278.6822371,handAnchor,0.42372003,0.17197268,0.8893183,0.12723015,0.9607782,-0.24641073,-0.89681333,0.2175572,0.3852208,0.11239563,0.7308379,-0.38754725
1735187278.6822371,indexFingerTipParent,1.0,-4.494642e-08,-1.4627191e-08,4.4780744e-08,1.0,4.2936545e-08,2.5576226e-09,-4.462966e-08,0.99999994,-0.023308894,3.6261652e-05,-0.00045386524
1735187278.6822371,indexFingerTipAnchor,0.9975958,-0.031563208,0.06169821,0.03160719,0.9995002,0.00026309714,-0.06167571,0.0016876817,0.99809474,-0.18845105,0.0004644693,0.016451143
1735187278.693368,handAnchor,0.4219117,0.1717648,0.89021766,0.12796599,0.96077824,-0.2460278,-0.8975608,0.2177196,0.38338354,0.11239822,0.7307507,-0.38757324
1735187278.693368,indexFingerTipParent,0.99999994,3.9452708e-09,2.5743896e-10,6.670015e-09,1.0,1.5572672e-08,1.794383e-09,-2.976079e-08,1.0,-0.023311993,3.462186e-05,-0.00045480992
1735187278.693368,indexFingerTipAnchor,0.99773973,-0.032356676,0.058896657,0.032333978,0.99947655,0.0013391309,-0.058909193,0.0005682168,0.99826336,-0.18846817,0.00039145377,0.016797483
1735187278.7043839,handAnchor,0.41918248,0.17165963,0.8915263,0.12853894,0.96085095,-0.24544491,-0.89875686,0.21748199,0.38070688,0.11239214,0.7306595,-0.3875746
1735187278.7043839,indexFingerTipParent,1.0000001,2.846105e-08,-5.8850357e-08,-1.3833465e-08,1.0,3.219452e-08,1.0014265e-07,1.390958e-09,1.0,-0.02331685,3.1849137e-05,-0.0004561794
1735187278.7043839,indexFingerTipAnchor,0.9979362,-0.033674497,0.0546782,0.033559468,0.9994322,0.0030200116,-0.054748714,-0.0011787899,0.9984996,-0.1885061,0.000305862,0.017309966
1735187278.715622,handAnchor,0.41834506,0.17216481,0.891822,0.12859651,0.9607534,-0.24579532,-0.89913857,0.21751247,0.37978667,0.11234619,0.7306893,-0.3875386
1735187278.715622,indexFingerTipParent,1.0000004,3.1621948e-08,-1.1808205e-07,-2.347045e-08,1.0000004,4.0570498e-08,7.386552e-08,-2.606248e-08,1.0000004,-0.0233178,3.1392578e-05,-0.00045586412
1735187278.715622,indexFingerTipAnchor,0.9979807,-0.033960044,0.053690713,0.03379712,0.9994215,0.0039402456,-0.053793456,-0.0021177107,0.9985505,-0.18846607,0.00030273246,0.017446728
1735187278.726757,handAnchor,0.41786686,0.17298852,0.89188695,0.12831657,0.9606259,-0.24643987,-0.899401,0.21742292,0.37921637,0.11227742,0.73077166,-0.3874724
1735187278.726757,indexFingerTipParent,0.9999998,-1.6941213e-08,-1.1717075e-07,3.1113522e-08,1.0000001,6.043615e-08,1.5685066e-07,-4.7790227e-08,0.99999994,-0.02331788,3.197603e-05,-0.00045567323
1735187278.726757,indexFingerTipAnchor,0.9979947,-0.034031272,0.05336936,0.03382177,0.9994163,0.0048241005,-0.053502284,-0.003009375,0.9985631,-0.18840268,0.00032821324,0.017502978
1735187278.737783,handAnchor,0.41781697,0.17415276,0.8916837,0.12770286,0.960455,-0.24742222,-0.8995115,0.21724774,0.37905455,0.11218503,0.73090994,-0.38737535
1735187278.737783,indexFingerTipParent,0.99999994,-1.936781e-08,-1.4354406e-08,2.6986141e-08,1.0,1.09438645e-08,-1.9765162e-12,4.122488e-12,1.0,-0.02331696,3.3143617e-05,-0.00045507666
1735187278.737783,indexFingerTipAnchor,0.99797404,-0.0338745,0.05385413,0.0336182,0.9994191,0.0056579183,-0.054014325,-0.0038359312,0.9985329,-0.1883136,0.0003859102,0.017465264
1735187278.748935,handAnchor,0.4179088,0.17450781,0.89157134,0.12774944,0.9603391,-0.24784821,-0.89946234,0.21747567,0.3790409,0.11216995,0.7309305,-0.3873645
1735187278.748935,indexFingerTipParent,1.0,4.233159e-09,-8.7981675e-08,-1.6418712e-08,1.0000001,1.6517962e-08,1.4499368e-07,1.4132215e-10,1.0000001,-0.023310374,3.3105374e-05,-0.00045514925
1735187278.748935,indexFingerTipAnchor,0.99796784,-0.03463317,0.053482633,0.034408174,0.9993947,0.0051223147,-0.053627685,-0.0032716703,0.9985555,-0.18828176,0.00047925636,0.01748669
1735187278.760061,handAnchor,0.41830012,0.17467889,0.8913542,0.12790357,0.96022785,-0.24819948,-0.8992584,0.21782923,0.3793215,0.11217706,0.73092836,-0.38737598
1735187278.760061,indexFingerTipParent,1.0,-3.262034e-08,0.0,6.9822117e-09,1.0,1.3718818e-08,-2.8786872e-08,-1.5896767e-08,0.99999994,-0.023300631,3.326981e-05,-0.000455692
1735187278.760061,indexFingerTipAnchor,0.9979497,-0.03566884,0.05314484,0.035510007,0.99936163,0.003929531,-0.053251136,-0.0020343123,0.998579,-0.1882618,0.0006060515,0.017483443
1735187278.772098,handAnchor,0.41894078,0.17465512,0.89105797,0.12815878,0.96012926,-0.24844898,-0.8989238,0.21828225,0.3798537,0.11220552,0.73090327,-0.38740808
1735187278.772098,indexFingerTipParent,1.0,-3.369676e-08,1.1737575e-07,2.8708206e-08,1.0,1.5555997e-08,-1.2447086e-07,-1.7823988e-08,0.9999998,-0.023287699,3.2277196e-05,-0.0004550067
1735187278.772098,indexFingerTipAnchor,0.9979154,-0.037045017,0.052841872,0.036982574,0.9993137,0.002158656,-0.05288555,-0.00019990589,0.99860024,-0.18825284,0.000763297,0.017464094
1735187278.7824779,handAnchor,0.41832566,0.17526898,0.8912266,0.12705755,0.96026653,-0.24848494,-0.8993667,0.21718468,0.3794349,0.11213234,0.7310094,-0.38729084
1735187278.7824779,indexFingerTipParent,0.99999994,-2.031715e-08,4.4222208e-08,2.3008411e-08,0.9999998,1.91904e-08,-8.4977486e-08,-2.5238382e-08,0.9999997,-0.023269352,3.0528416e-05,-0.00045547044
1735187278.7824779,indexFingerTipAnchor,0.9979303,-0.03843755,0.051550653,0.038290765,0.99925905,0.0038325458,-0.051659856,-0.001850718,0.9986628,-0.18814762,0.00087377446,0.017584624
1735187278.793617,handAnchor,0.41722062,0.17609316,0.891582,0.12534182,0.96052325,-0.24836391,-0.9001204,0.21537504,0.37867838,0.11202021,0.73116827,-0.387111
1735187278.793617,indexFingerTipParent,1.0,-2.1979524e-08,6.8016703e-12,1.2625247e-08,1.0,1.46317065e-08,1.6162279e-08,-1.8506089e-08,1.0,-0.023246672,2.7717055e-05,-0.00045566398
1735187278.793617,indexFingerTipAnchor,0.9979565,-0.040020626,0.049807463,0.039725695,0.9991866,0.0068975687,-0.05004312,-0.0049048318,0.9987347,-0.18800072,0.0009764581,0.017764855
1735187278.804594,handAnchor,0.4156232,0.17712532,0.89212334,0.12301028,0.9608958,-0.24808782,-0.90118027,0.21285139,0.37758243,0.1118691,0.7313798,-0.38686842
1735187278.804594,indexFingerTipParent,1.0000001,-1.4629214e-08,-2.910383e-11,4.097723e-09,1.0000001,-1.8646915e-09,1.3693973e-11,-1.5150242e-12,1.0,-0.023219652,2.3860563e-05,-0.00045568508
1735187278.804594,indexFingerTipAnchor,0.9979914,-0.041795053,0.04760827,0.04129918,0.9990823,0.0113523025,-0.048039053,-0.009363304,0.99880147,-0.18781205,0.0010716025,0.018004568
1735187278.815854,handAnchor,0.41547656,0.17681065,0.8922539,0.12288508,0.9610223,-0.24765916,-0.90126485,0.21254124,0.37755492,0.11186272,0.73138446,-0.38683313
1735187278.815854,indexFingerTipParent,1.0,-2.9291488e-08,-4.5539333e-11,1.1299335e-08,0.99999994,1.1894425e-08,1.20043715e-11,3.2604415e-13,0.99999994,-0.023228146,2.4236284e-05,-0.00045568214
1735187278.815854,indexFingerTipAnchor,0.99801844,-0.04138399,0.047401592,0.04094298,0.9991091,0.01023673,-0.047782965,-0.008275656,0.9988234,-0.18782622,0.0010426195,0.018013176
1735187278.826754,handAnchor,0.41570848,0.17600286,0.8923056,0.12343547,0.96110123,-0.24707873,-0.9010827,0.21285488,0.37781304,0.11190061,0.731324,-0.38685763
1735187278.826754,indexFingerTipParent,0.9999999,-2.396716e-08,1.0296935e-07,2.7665358e-08,0.99999994,-2.829438e-09,-5.5680733e-08,8.998557e-09,0.99999994,-0.02325041,2.6231875e-05,-0.00045625228
1735187278.826754,indexFingerTipAnchor,0.9980529,-0.04006586,0.047803517,0.039758284,0.99918216,0.007367986,-0.048059616,-0.005453039,0.99882966,-0.18790941,0.00095269084,0.017952321
1735187278.837764,handAnchor,0.4163764,0.17465964,0.8922583,0.12472612,0.9611233,-0.24634403,-0.9005966,0.21385977,0.37840453,0.111987576,0.73119175,-0.38694876
1735187278.837764,indexFingerTipParent,0.9999999,-6.2656325e-09,4.4266926e-08,-1.3085776e-08,0.9999998,-7.2923285e-09,4.431565e-09,3.0268028e-09,0.99999994,-0.023287391,2.9902789e-05,-0.000457048
1735187278.837764,indexFingerTipAnchor,0.998088,-0.03779012,0.04890613,0.03771024,0.9992852,0.0025554516,-0.04896773,-0.0007063268,0.9988001,-0.18806784,0.0007989256,0.017812384
1735187278.8489962,handAnchor,0.416078,0.17452897,0.89242285,0.12400799,0.9613489,-0.24582542,-0.9008334,0.2129501,0.37835306,0.1119433,0.7312062,-0.38687408
1735187278.8489962,indexFingerTipParent,1.0000002,2.3784716e-08,-1.03260284e-07,-1.37263365e-08,1.0000001,1.3758699e-08,1.1004147e-07,1.600851e-09,1.0000001,-0.023300095,3.0235575e-05,-0.00045812706
1735187278.8489962,indexFingerTipAnchor,0.9981162,-0.03697562,0.04895913,0.036847197,0.9993148,0.0035232245,-0.04905573,-0.0017125669,0.99879456,-0.18813623,0.0007773693,0.0177719
1735187278.860225,handAnchor,0.41558704,0.17465846,0.89262617,0.122780554,0.96163416,-0.24532504,-0.901228,0.21155103,0.37819806,0.11186641,0.7312478,-0.3867607
1735187278.860225,indexFingerTipParent,1.0000001,7.825272e-09,7.310882e-08,-9.580747e-09,1.0000001,-3.9450242e-08,-2.5640475e-08,2.1631422e-08,1.0000001,-0.023309784,2.8814131e-05,-0.00045766094
1735187278.860225,indexFingerTipAnchor,0.9981377,-0.036347147,0.04899545,0.03609381,0.99933034,0.006045652,-0.049182344,-0.0042659547,0.99878085,-0.18820533,0.00078172004,0.017732274
1735187278.871247,handAnchor,0.41489673,0.17507018,0.89286685,0.12101337,0.96197844,-0.24485372,-0.9017853,0.2096378,0.37793586,0.111756,0.7313194,-0.38660765
1735187278.871247,indexFingerTipParent,0.9999999,6.886135e-09,5.7529936e-10,9.62869e-10,0.9999998,2.4824027e-08,-3.21841e-08,2.079047e-08,0.99999976,-0.023315787,2.5931895e-05,-0.00045589064
1735187278.871247,indexFingerTipAnchor,0.9981525,-0.035931874,0.04899403,0.03547451,0.9993188,0.010173523,-0.04932624,-0.008416648,0.99874705,-0.18827105,0.00081501924,0.017695885
1735187278.8823771,handAnchor,0.41511452,0.17470035,0.89283806,0.12023774,0.9622457,-0.2441844,-0.9017888,0.20871733,0.37843668,0.11174682,0.73131484,-0.38659173
1735187278.8823771,indexFingerTipParent,0.99999994,1.6021392e-08,1.1800196e-07,-1.230078e-08,0.9999999,-4.0283314e-08,-8.2738424e-08,3.8816328e-08,0.99999994,-0.023330372,2.6912907e-05,-0.00045590894
1735187278.8823771,indexFingerTipAnchor,0.9981592,-0.03435923,0.04997306,0.03387737,0.9993712,0.010458726,-0.050301053,-0.008746544,0.9986957,-0.1883442,0.00076195586,0.017569907
1735187278.893363,handAnchor,0.41567948,0.17409475,0.89269346,0.11967296,0.96250606,-0.24343501,-0.9016037,0.2080222,0.3792596,0.11177027,0.7312881,-0.3866229
1735187278.893363,indexFingerTipParent,0.9999999,1.0790684e-08,1.1805977e-07,-1.1700261e-08,0.9999998,-4.000384e-09,-8.8242814e-08,-2.2424501e-08,1.0,-0.023347273,2.891355e-05,-0.00045588787
1735187278.893363,indexFingerTipAnchor,0.99815303,-0.03233613,0.051430404,0.031879712,0.99944496,0.009670497,-0.05171465,-0.008013052,0.9986298,-0.1884192,0.000682056,0.017400917
1735187278.904613,handAnchor,0.41655773,0.1732866,0.8924414,0.119313285,0.96275383,-0.24263023,-0.9012459,0.20754956,0.38036707,0.11182426,0.7312403,-0.3866977
1735187278.904613,indexFingerTipParent,0.9999999,-4.027941e-08,3.819684e-07,7.1377755e-08,0.99999994,1.9438996e-08,-4.02621e-07,-2.8327364e-08,0.9999998,-0.02336636,3.1542633e-05,-0.00045452584
1735187278.904613,indexFingerTipAnchor,0.99812555,-0.02998108,0.05335278,0.029602967,0.99953055,0.007864049,-0.053563546,-0.0062699313,0.9985446,-0.1884953,0.00057898473,0.017195147
