time,type,0x,0y,0z,1x,1y,1z,2x,2y,2z,3x,3y,3z
1735189687.785468,handAnchor,-0.046623122,0.031879585,0.9984036,0.31202486,0.949943,-0.01576137,-0.9489292,0.31079188,-0.054236565,0.2790012,0.7202186,-0.36750674
1735189687.785468,indexFingerTipParent,0.99999994,1.3829611e-08,-3.1779557e-10,-3.3231487e-08,0.99999994,-1.6207684e-08,-3.949097e-09,3.502668e-08,0.99999994,-0.023220897,0.00021031871,1.4156103e-05
1735189687.785468,indexFingerTipAnchor,0.9619725,0.24238306,0.12593247,-0.24507599,0.96948457,0.00611244,-0.12060812,-0.03674296,0.99201983,-0.18559505,-0.022439366,0.014286848
1735189687.83007,handAnchor,-0.04871251,0.027489148,0.9984345,0.31331065,0.94958866,-0.010858225,-0.9484006,0.3122912,-0.05486952,0.2790014,0.72003525,-0.36750916
1735189687.83007,indexFingerTipParent,0.99999994,1.1177228e-08,-3.4988004e-09,-2.6466154e-09,1.0,-3.3270542e-09,8.322509e-09,3.4733837e-08,0.99999994,-0.02326727,0.00021328405,1.7032027e-05
1735189687.83007,indexFingerTipAnchor,0.9598565,0.24928075,0.12858535,-0.25265044,0.9675022,0.010331767,-0.12183115,-0.042404164,0.9916444,-0.18565977,-0.023146538,0.014150996
1735189687.8632889,handAnchor,-0.04916254,0.026974017,0.9984264,0.30458948,0.95242304,-0.01073318,-0.95121396,0.30358252,-0.05503954,0.27903226,0.71997696,-0.36772949
1735189687.8632889,indexFingerTipParent,1.0,3.0166575e-08,1.388571e-09,-1.15683925e-08,1.0,-9.684217e-09,4.638948e-09,-2.0971727e-08,0.99999994,-0.023335218,0.0002178587,1.54078e-05
1735189687.8632889,indexFingerTipAnchor,0.95873344,0.25394544,0.12783648,-0.25861922,0.9657487,0.021116612,-0.11809528,-0.053306136,0.99157053,-0.18586308,-0.023203949,0.014214375
1735189687.8854132,handAnchor,-0.051148627,0.02885018,0.9982742,0.30789298,0.9513488,-0.01171851,-0.95004517,0.3067622,-0.057542954,0.27861208,0.7201903,-0.367635
1735189687.8854132,indexFingerTipParent,0.99999994,7.810655e-09,8.7089385e-09,1.694952e-08,0.99999994,-9.027396e-09,1.1498426e-08,-2.9544047e-08,1.0,-0.023281455,0.00021436438,1.835823e-05
1735189687.8854132,indexFingerTipAnchor,0.9598418,0.2507215,0.12586747,-0.2533745,0.96735364,0.00526707,-0.12043762,-0.036947176,0.99203324,-0.18559723,-0.023048846,0.014380777
1735189687.91875,handAnchor,-0.050182845,0.027604442,0.9983588,0.30823362,0.9512495,-0.0108084185,-0.9499864,0.30718523,-0.05624502,0.278547,0.7202873,-0.36728162
1735189687.91875,indexFingerTipParent,1.0,-5.6609295e-09,-3.6928576e-09,1.096492e-08,1.0,3.1803e-09,7.1018933e-09,-1.8309098e-08,1.0,-0.02312547,0.00022564083,1.2010336e-05
1735189687.91875,indexFingerTipAnchor,0.95775753,0.26071143,0.121365696,-0.26373646,0.9645498,0.009280632,-0.114643715,-0.040897213,0.9925644,-0.18501523,-0.023033498,0.014831014
1735189687.952046,handAnchor,-0.047247857,0.027590143,0.9985023,0.30508134,0.95225245,-0.011876141,-0.9511537,0.3040632,-0.053409133,0.27835703,0.72057986,-0.36710578
1735189687.952046,indexFingerTipParent,1.0,1.3402897e-08,1.645823e-09,1.3402897e-08,1.0000001,1.7313221e-08,-3.774499e-09,3.2628735e-09,1.0,-0.023135006,0.00022240356,1.3038516e-05
1735189687.952046,indexFingerTipAnchor,0.9580239,0.25746492,0.12610346,-0.26119402,0.96518916,0.013700723,-0.11818614,-0.046063013,0.99192256,-0.18515715,-0.02276962,0.014250443
1735189687.985446,handAnchor,-0.049333107,0.027524404,0.9984032,0.30613673,0.95192283,-0.0111162,-0.9507087,0.30509943,-0.055387497,0.27822426,0.7205508,-0.3670897
1735189687.985446,indexFingerTipParent,1.0,-1.7699747e-08,-5.284509e-09,-2.5597782e-09,1.0,6.6149775e-09,-8.556036e-09,8.88361e-09,1.0,-0.023160636,0.00022905692,1.1712313e-05
1735189687.985446,indexFingerTipAnchor,0.95722044,0.26240802,0.12194654,-0.2650832,0.9642069,0.0059650014,-0.11601655,-0.03803582,0.99251866,-0.18520868,-0.022942366,0.014677584
1735189688.018715,handAnchor,-0.05322388,0.029860048,0.998136,0.31711194,0.9483187,-0.01146027,-0.9468934,0.3159109,-0.05994222,0.27818263,0.7204982,-0.36709005
1735189688.018715,indexFingerTipParent,0.9999999,6.0479195e-09,2.0415865e-08,1.4426908e-08,0.99999994,-3.6008796e-09,-4.846953e-09,1.6088677e-08,0.99999994,-0.023137987,0.00023147464,1.1205673e-05
1735189688.018715,indexFingerTipAnchor,0.9581057,0.26187065,0.11600711,-0.26321578,0.9647294,-0.0038431585,-0.112921745,-0.026852747,0.99324113,-0.18503635,-0.022911925,0.0153456135
1735189688.052057,handAnchor,-0.049248017,0.03386505,0.99821234,0.31119484,0.9501962,-0.016882904,-0.9490693,0.30980706,-0.057333894,0.2783138,0.7206569,-0.3676346
1735189688.052057,indexFingerTipParent,1.0,-8.657363e-09,1.867237e-09,-4.468211e-08,0.99999994,1.1131419e-08,-6.0279195e-09,-1.9860018e-08,0.99999994,-0.023066401,0.00022789463,5.722046e-06
1735189688.052057,indexFingerTipAnchor,0.9591688,0.25602174,0.12020084,-0.25964978,0.96558154,0.015290466,-0.11214889,-0.045876253,0.992632,-0.18510984,-0.022146147,0.01471865
1735189688.08536,handAnchor,-0.038745083,0.025588635,0.99892145,0.3254888,0.94547474,-0.011594818,-0.9447518,0.32468846,-0.044961285,0.27881336,0.7203438,-0.36756784
1735189688.08536,indexFingerTipParent,0.99999994,-3.6537486e-08,8.705195e-09,1.40590135e-08,0.9999999,1.1246298e-08,6.2625984e-09,5.704175e-09,0.99999994,-0.023082018,0.0002232641,9.506941e-06
1735189688.08536,indexFingerTipAnchor,0.95693874,0.25581744,0.13720837,-0.2583086,0.9660625,0.00036326481,-0.13245887,-0.03578961,0.99054223,-0.18498509,-0.022918446,0.012699792
1735189688.129936,handAnchor,-0.0387625,0.026233634,0.99890405,0.31895185,0.9476882,-0.012511648,-0.94697785,0.3181173,-0.045102075,0.27908412,0.7202127,-0.36792755
1735189688.129936,indexFingerTipParent,0.99999994,1.3764421e-08,6.091213e-09,1.3764421e-08,1.0,-1.1939869e-08,-3.4873366e-09,-1.2925426e-08,1.0,-0.023071408,0.00022063032,-2.8312206e-06
1735189688.129936,indexFingerTipAnchor,0.95801616,0.25436834,0.132293,-0.25896615,0.96570903,0.018503651,-0.123049885,-0.05198631,0.99103796,-0.18495077,-0.0226184,0.013376465
1735189688.152042,handAnchor,-0.043289933,0.028395176,0.9986589,0.3186171,0.9477923,-0.013137438,-0.9468942,0.31762105,-0.050077047,0.27895167,0.72039425,-0.36765644
1735189688.152042,indexFingerTipParent,1.0,6.548623e-09,-3.491314e-09,9.4501065e-09,1.0,5.34377e-10,9.20667e-09,1.7208692e-09,1.0,-0.023115873,0.00022129714,-1.0877848e-05
1735189688.152042,indexFingerTipAnchor,0.9594588,0.25392777,0.122309335,-0.25675926,0.9664448,0.0077086445,-0.11624768,-0.03880022,0.9924622,-0.18532255,-0.022557963,0.014412982
1735189688.1854959,handAnchor,-0.049747836,0.03623932,0.99810404,0.31262627,0.9496881,-0.01889941,-0.9485726,0.31109327,-0.058574285,0.2780732,0.7209417,-0.3672495
1735189688.1854959,indexFingerTipParent,0.9999999,1.0349744e-08,-1.7756374e-09,1.4885465e-08,0.9999999,9.247621e-09,3.1458285e-09,-3.4985334e-08,0.9999999,-0.023131788,0.00022180378,-1.9729137e-05
1735189688.1854959,indexFingerTipAnchor,0.961899,0.24987805,0.11095712,-0.25241965,0.9675737,0.009255086,-0.10504659,-0.03691015,0.993782,-0.18578105,-0.021603212,0.015505548
1735189688.218667,handAnchor,-0.040622428,0.03766043,0.99846464,0.30619717,0.9516795,-0.023438178,-0.951101,0.30477488,-0.050191034,0.27806425,0.72107637,-0.36765966
1735189688.218667,indexFingerTipParent,0.9999999,-8.924445e-09,-2.0216024e-09,9.0885734e-09,0.99999994,8.004116e-09,6.7114385e-09,3.6375951e-09,0.99999994,-0.023132443,0.00021942705,-2.6971102e-05
1735189688.218667,indexFingerTipAnchor,0.9618053,0.24571848,0.12063516,-0.2493825,0.9682724,0.016040707,-0.11286617,-0.04551229,0.99256736,-0.18586487,-0.021094624,0.0141141545
1735189688.252027,handAnchor,-0.030937405,0.025979126,0.9991834,0.3025432,0.9530108,-0.015411078,-0.9526333,0.30181938,-0.03734351,0.27691305,0.72176254,-0.36672577
1735189688.252027,indexFingerTipParent,1.0,-4.4394923e-09,3.1633522e-09,9.120239e-09,1.0000001,1.1285853e-08,-3.4284025e-09,-2.1235687e-08,1.0,-0.02322054,0.00020762905,-5.199015e-05
1735189688.252027,indexFingerTipAnchor,0.95924973,0.2480239,0.13536845,-0.2527238,0.967363,0.018439408,-0.12637706,-0.051898725,0.99062383,-0.18478812,-0.02249533,0.012575341
1735189688.296736,handAnchor,-0.04015946,0.025127722,0.99887735,0.30345356,0.9527735,-0.0117677245,-0.95199955,0.30264026,-0.04588795,0.27624157,0.7219876,-0.36689574
1735189688.296736,indexFingerTipParent,0.99999994,2.1639597e-08,-3.6266892e-09,-3.4607321e-09,0.99999994,6.6980452e-09,-1.9220625e-10,7.014923e-09,0.99999994,-0.023100257,0.00021581352,-6.943941e-05
1735189688.296736,indexFingerTipAnchor,0.95891243,0.25783545,0.11835429,-0.26092073,0.96529657,0.011089994,-0.11138763,-0.041515324,0.9929095,-0.18384506,-0.02352445,0.014247035
1735189688.318678,handAnchor,-0.044313688,0.027239742,0.9986464,0.30699357,0.9516317,-0.012334881,-0.9506795,0.30603135,-0.05053275,0.27512756,0.7226219,-0.36654782
1735189688.318678,indexFingerTipParent,0.9999999,-1.3171473e-08,9.6594155e-09,1.8692887e-09,0.99999994,9.61745e-09,3.5129126e-09,-2.6983415e-08,0.9999999,-0.023211956,0.0002200231,-7.714331e-05
1735189688.318678,indexFingerTipAnchor,0.9587823,0.2583713,0.11823954,-0.26104698,0.96529716,0.0074606035,-0.11220862,-0.038019154,0.99295694,-0.18419094,-0.023876855,0.0142236035
1735189688.3541698,handAnchor,-0.04475558,0.036316875,0.99833786,0.2940564,0.95554453,-0.021577617,-0.9547398,0.2926018,-0.053445097,0.27398267,0.72361684,-0.36653394
1735189688.3541698,indexFingerTipParent,1.0,6.7842763e-09,8.802189e-09,3.5100875e-08,1.0000001,-1.2337894e-08,1.0287913e-08,-1.0892991e-08,0.99999994,-0.02347833,0.00020571798,-8.6173415e-05
1735189688.3541698,indexFingerTipAnchor,0.9622908,0.24236526,0.12351239,-0.24714816,0.96866137,0.024764024,-0.11363981,-0.0543561,0.99203384,-0.18570733,-0.022917222,0.013658047
1735189688.385391,handAnchor,-0.04552354,0.037624173,0.9982546,0.29259267,0.95596796,-0.022687264,-0.955153,0.2910491,-0.054527573,0.27379432,0.7237701,-0.36670855
1735189688.385391,indexFingerTipParent,1.0000001,1.9734568e-08,-2.3276142e-07,-9.688204e-09,1.0000001,9.304288e-09,2.6639273e-07,-2.168684e-08,1.0000001,-0.023499947,0.00019972346,-9.370608e-05
1735189688.385391,indexFingerTipAnchor,0.9630966,0.23916034,0.12348114,-0.24389955,0.96948916,0.024582813,-0.113834366,-0.053792577,0.99204266,-0.18585992,-0.022875002,0.0135623235
1735189688.396497,handAnchor,-0.04653415,0.037950423,0.9981956,0.2927158,0.95593005,-0.02269764,-0.95506656,0.29113135,-0.055592094,0.27372214,0.7238184,-0.3669599
1735189688.396497,indexFingerTipParent,0.9999999,-1.480624e-08,-7.178463e-08,1.3378169e-08,0.9999999,-1.2831458e-08,6.0500966e-08,-4.683044e-09,0.9999998,-0.023484917,0.00019679184,-9.625977e-05
1735189688.396497,indexFingerTipAnchor,0.9636199,0.23739171,0.1228073,-0.24170963,0.97011393,0.021327116,-0.11407422,-0.050234947,0.99220127,-0.18581843,-0.022976039,0.013523511
1735189688.407652,handAnchor,-0.047812644,0.037382003,0.9981566,0.29429337,0.9554691,-0.021686392,-0.9545185,0.29271394,-0.056684814,0.2737524,0.72377306,-0.36729518
1735189688.407652,indexFingerTipParent,1.0,2.2100988e-09,5.8310125e-08,-1.5469123e-08,0.9999999,9.077263e-10,-1.0232907e-07,-4.8494257e-08,0.99999994,-0.023435278,0.0001956686,-9.91747e-05
1735189688.407652,indexFingerTipAnchor,0.96395,0.23682196,0.121309385,-0.24035096,0.9705684,0.015121535,-0.11415782,-0.043733273,0.9924995,-0.18559639,-0.023215352,0.013531566
1735189688.4189482,handAnchor,-0.048170526,0.038482733,0.9980978,0.29319382,0.95578367,-0.022701062,-0.95483893,0.29154247,-0.057323534,0.2737172,0.7238301,-0.36771628
1735189688.4189482,indexFingerTipParent,0.99999994,1.433313e-07,-2.3125027e-07,-1.6144037e-07,1.0000001,2.091522e-09,2.0867664e-07,2.4707708e-08,0.9999999,-0.023441782,0.00025637622,-0.00012441835
1735189688.4189482,indexFingerTipAnchor,0.96435064,0.23501025,0.12164646,-0.23869552,0.97095484,0.016455501,-0.11424602,-0.04490536,0.9924369,-0.1856884,-0.023181433,0.013260362
1735189688.4298801,handAnchor,-0.0498157,0.039980926,0.99795794,0.29163018,0.95623624,-0.023751939,-0.9552333,0.28985143,-0.05929527,0.2735548,0.7239964,-0.36751968
1735189688.4298801,indexFingerTipParent,0.99999994,5.500333e-08,1.16648614e-07,-6.3815335e-08,0.9999999,-9.018628e-08,-8.94938e-08,8.820564e-08,0.9999998,-0.023478575,0.00018703629,-0.00010921815
1735189688.4298801,indexFingerTipAnchor,0.965565,0.23215166,0.117429994,-0.23564783,0.97169626,0.016625889,-0.11024649,-0.043725524,0.9929419,-0.18604015,-0.023138816,0.013676499
1735189688.440967,handAnchor,-0.05084497,0.041729514,0.9978345,0.28963253,0.9568047,-0.02525532,-0.9557866,0.2877212,-0.060734943,0.2734517,0.72413385,-0.36756274
1735189688.440967,indexFingerTipParent,1.0000001,-3.5836866e-08,8.60441e-08,-2.8928305e-08,1.0000001,-6.052225e-08,-6.29859e-08,7.665345e-08,1.0000001,-0.02351723,0.00018369546,-0.00011527962
1735189688.440967,indexFingerTipAnchor,0.9664789,0.22968908,0.11472363,-0.23334041,0.9722037,0.019298375,-0.10710201,-0.045421142,0.99321014,-0.18639103,-0.023036178,0.013817736
1735189688.452063,handAnchor,-0.050454497,0.042061355,0.99784034,0.28783423,0.95733255,-0.0257999,-0.9563503,0.28591084,-0.060408417,0.27327693,0.7242672,-0.36750573
1735189688.452063,indexFingerTipParent,1.0000001,-4.55908e-08,7.118828e-08,7.292071e-08,1.0000002,-7.021734e-08,-4.9506248e-08,4.6591197e-08,1.0000002,-0.02348199,0.00017736896,-0.00011721802
1735189688.452063,indexFingerTipAnchor,0.9670399,0.22699007,0.11536567,-0.2307393,0.97280854,0.020077625,-0.10767123,-0.046035267,0.9931201,-0.18630657,-0.022895066,0.0136475805
1735189688.463251,handAnchor,-0.049491927,0.041962054,0.99789274,0.2858151,0.9579292,-0.02610615,-0.95700604,0.28392074,-0.059403174,0.2730683,0.7244109,-0.36737746
1735189688.463251,indexFingerTipParent,1.0000004,1.9020668e-08,-7.3848106e-08,-4.30129e-08,1.0000001,-9.677026e-08,1.1664815e-07,8.5143256e-08,1.0,-0.023422902,0.00017140142,-0.000117292264
1735189688.463251,indexFingerTipAnchor,0.96747583,0.22419925,0.11715657,-0.22810376,0.973413,0.020881455,-0.10936002,-0.046926156,0.9928941,-0.18609057,-0.022717033,0.013374176
1735189688.474258,handAnchor,-0.047874734,0.041384235,0.99799573,0.2836157,0.95858157,-0.02614455,-0.9577422,0.28179556,-0.057629026,0.27282307,0.7245637,-0.36717585
1735189688.474258,indexFingerTipParent,0.99999994,-6.6232424e-09,-2.1712427e-07,-2.9523497e-08,0.9999999,-4.3451562e-09,1.9318144e-07,-8.070462e-09,1.0,-0.023336401,0.00016483094,-0.00011627502
1735189688.474258,indexFingerTipAnchor,0.967779,0.22123812,0.120240234,-0.22535029,0.9740386,0.021579666,-0.11234442,-0.04798054,0.9925105,-0.18572086,-0.022497458,0.012980514
1735189688.485353,handAnchor,-0.045638803,0.040427007,0.99813986,0.28178847,0.9591253,-0.025962362,-0.95839065,0.28007933,-0.055165242,0.27279627,0.72462726,-0.36712644
1735189688.485353,indexFingerTipParent,0.99999976,4.290786e-08,-1.4282904e-07,-3.237719e-08,0.99999976,-4.3255785e-08,1.7883882e-07,4.7424216e-08,0.9999998,-0.02330368,0.0001605282,-0.00011500373
1735189688.485353,indexFingerTipAnchor,0.96765643,0.21967919,0.12402242,-0.22410141,0.9743001,0.02273522,-0.1158406,-0.049793452,0.99201864,-0.18555751,-0.022505052,0.012524604
1735189688.4964309,handAnchor,-0.042778324,0.039007504,0.998323,0.2800097,0.9596586,-0.025498295,-0.9590438,0.27844927,-0.05197508,0.2728411,0.7246582,-0.36709931
1735189688.4964309,indexFingerTipParent,1.0,2.6529612e-09,-1.23586e-11,-8.5887635e-09,1.0000001,-1.7056868e-08,-1.2929506e-09,4.2838785e-08,1.0,-0.023277812,0.00015653996,-0.000113410686
1735189688.4964309,indexFingerTipAnchor,0.96726435,0.21865346,0.12880325,-0.2234726,0.9744134,0.024053778,-0.12024812,-0.052050307,0.99137837,-0.18539126,-0.022590814,0.011976156
1735189688.507621,handAnchor,-0.03928299,0.037153624,0.99853724,0.27831095,0.9601713,-0.02477722,-0.95968735,0.27693054,-0.04805859,0.27296808,0.7246524,-0.3671039
1735189688.507621,indexFingerTipParent,0.9999999,3.622776e-08,1.0200835e-07,-1.1999198e-08,1.0,-7.500267e-09,-7.465687e-08,1.0696709e-08,0.9999999,-0.023262195,0.00015296802,-0.00011109467
1735189688.507621,indexFingerTipAnchor,0.9665795,0.21820141,0.13458128,-0.22351408,0.9743665,0.025531724,-0.12556048,-0.054759253,0.9905736,-0.18523693,-0.022761142,0.011336934
1735189688.5187302,handAnchor,-0.03940478,0.03729085,0.9985274,0.2783382,0.960161,-0.024873996,-0.95967466,0.27694806,-0.048214436,0.27296492,0.7246515,-0.3671081
1735189688.5187302,indexFingerTipParent,1.0000001,6.2753758e-09,7.2279555e-08,7.4620985e-09,1.0,-1.1253607e-08,-1.0439751e-07,2.5167675e-09,1.0,-0.023261264,0.00015136797,-0.000112236754
1735189688.5187302,indexFingerTipAnchor,0.9666654,0.21797957,0.13432138,-0.22325547,0.97442937,0.025369449,-0.12535666,-0.054511733,0.99061257,-0.18523756,-0.022736952,0.011362996
1735189688.530483,handAnchor,-0.038071472,0.03765912,0.99856514,0.27786085,0.96027935,-0.025621476,-0.9598666,0.2764867,-0.047023237,0.2731044,0.72459126,-0.36724183
1735189688.530483,indexFingerTipParent,1.0,2.0968876e-09,-3.6027972e-11,5.4274585e-09,0.99999994,2.9265188e-08,5.888562e-10,-1.39234295e-08,1.0,-0.023236189,0.00014773139,-0.00010969362
1735189688.530483,indexFingerTipAnchor,0.9670356,0.21490966,0.13658616,-0.22001053,0.9752208,0.023235876,-0.1282081,-0.05252037,0.9903557,-0.18510395,-0.02253285,0.011195061
1735189688.540886,handAnchor,-0.03746761,0.038880542,0.9985412,0.27800614,0.9602009,-0.026956232,-0.9598484,0.2765906,-0.046785485,0.27329224,0.72448564,-0.3674545
1735189688.540886,indexFingerTipParent,1.0000001,-2.2301545e-08,1.288802e-07,1.6476214e-08,0.99999994,5.8689135e-08,-8.917665e-08,3.7592054e-09,1.0,-0.023211852,0.00014401379,-0.0001070892
1735189688.540886,indexFingerTipAnchor,0.9677842,0.21083616,0.13762894,-0.21545938,0.97631913,0.019435069,-0.13027214,-0.04846233,0.9902929,-0.18498734,-0.022189766,0.011209269
1735189688.552028,handAnchor,-0.037601348,0.040864423,0.99845695,0.27874306,0.95993406,-0.028790468,-0.95962936,0.2772304,-0.04748551,0.27351946,0.72434264,-0.3677338
1735189688.552028,indexFingerTipParent,1.0000001,-1.1151882e-07,-7.451655e-08,1.145992e-07,1.0,1.1414794e-07,4.5452646e-09,-1.3063375e-07,1.0000001,-0.02318855,0.00013897149,-0.000100986144
1735189688.552028,indexFingerTipAnchor,0.96888155,0.20574436,0.13761492,-0.20962586,0.9776788,0.014175216,-0.13162668,-0.042581804,0.9903844,-0.18488793,-0.02172525,0.011396944
1735189688.563844,handAnchor,-0.03807856,0.04166406,0.9984057,0.2799268,0.95957196,-0.02936727,-0.95926577,0.27836227,-0.048202053,0.27360123,0.7243267,-0.3678199
1735189688.563844,indexFingerTipParent,0.9999997,-6.946669e-08,4.719334e-08,9.3599915e-08,0.99999994,7.557533e-08,-1.29933735e-08,-7.98391e-08,0.9999998,-0.023172371,0.0001314717,-0.00010106319
1735189688.563844,indexFingerTipAnchor,0.9700915,0.2001561,0.13733324,-0.203694,0.97896045,0.0120649105,-0.13202888,-0.039678,0.99045146,-0.18482764,-0.02148421,0.0114571145
1735189688.5746698,handAnchor,-0.039106343,0.042285543,0.9983401,0.28162852,0.9590673,-0.029590346,-0.95872635,0.28000385,-0.049414426,0.27363294,0.72435313,-0.36784667
1735189688.5746698,indexFingerTipParent,1.0000002,-2.3701796e-08,-2.3800955e-09,1.999211e-08,1.0000002,6.0329e-08,3.1286618e-09,-3.8649887e-08,1.0000001,-0.02316073,0.000122031895,-0.00010100856
1735189688.5746698,indexFingerTipAnchor,0.9715125,0.19379859,0.13640387,-0.19706333,0.98033226,0.010721595,-0.13164322,-0.03729639,0.9905953,-0.18479553,-0.021288704,0.011546369
1735189688.5854201,handAnchor,-0.040684216,0.042731106,0.99825776,0.28384858,0.9584164,-0.029457377,-0.9580055,0.28215563,-0.05112159,0.27361453,0.72442174,-0.36781418
1735189688.5854201,indexFingerTipParent,1.0000001,1.1621107e-08,-1.0267182e-07,-4.3332804e-08,1.0,4.2051465e-08,6.192971e-08,-3.2594503e-08,1.0000001,-0.023153903,0.00011061225,-0.000100848534
1735189688.5854201,indexFingerTipAnchor,0.97313035,0.1866686,0.13480808,-0.18973184,0.9817842,0.010129432,-0.1304615,-0.035434615,0.9908206,-0.18479203,-0.021138445,0.011664811
1735189688.5964699,handAnchor,-0.042118225,0.043640736,0.99815893,0.28356153,0.95848626,-0.02994105,-0.9580285,0.28177842,-0.052744616,0.2736183,0.7244972,-0.36778292
1735189688.5964699,indexFingerTipParent,1.0000001,-3.5042454e-08,-1.01995056e-07,1.5704034e-08,1.0000001,8.336889e-08,1.09007274e-07,-8.040031e-08,1.0000001,-0.02318283,0.00010622956,-9.6886586e-05
1735189688.5964699,indexFingerTipAnchor,0.97371703,0.18436159,0.13374029,-0.18762966,0.982165,0.012148137,-0.12911533,-0.03692248,0.9909422,-0.1849638,-0.021061722,0.011812826
1735189688.6078591,handAnchor,-0.043815255,0.04459983,0.9980438,0.28251058,0.95878106,-0.030442758,-0.95826316,0.28062403,-0.054609146,0.2736026,0.72459996,-0.36771795
1735189688.6078591,indexFingerTipParent,0.99999994,1.8198337e-08,-1.00354825e-07,-1.7645943e-08,0.99999994,2.2386734e-08,7.603134e-08,-3.2120404e-08,0.99999994,-0.023228798,0.0001039668,-9.676147e-05
1735189688.6078591,indexFingerTipAnchor,0.97403425,0.18372425,0.13229926,-0.1873906,0.98215973,0.015708664,-0.12705302,-0.04009246,0.99108523,-0.18522544,-0.021049714,0.01198926
1735189688.618732,handAnchor,-0.045742694,0.04566643,0.99790895,0.28056973,0.9593316,-0.031040143,-0.9587431,0.2785631,-0.056694966,0.27357048,0.7247286,-0.36762178
1735189688.618732,indexFingerTipParent,1.0,3.5237672e-08,-3.0464485e-11,-1.5151254e-08,1.0,-3.067629e-08,-1.5167156e-08,5.512613e-09,1.0000001,-0.023293305,0.00010393212,-9.596565e-05
1735189688.618732,indexFingerTipAnchor,0.9740186,0.18493436,0.13071652,-0.18920122,0.9817158,0.020904656,-0.12446049,-0.045093205,0.9911993,-0.18558411,-0.02109741,0.012196118
1735189688.629826,handAnchor,-0.04661625,0.045590647,0.9978719,0.28159606,0.95904297,-0.030661685,-0.9584001,0.27956742,-0.057545204,0.2736634,0.7247514,-0.3676326
1735189688.629826,indexFingerTipParent,1.0,7.9721715e-08,-5.7690013e-08,-7.9934196e-08,1.0,-4.8469463e-08,1.2001858e-08,5.8409558e-08,1.0,-0.023359932,0.00010618558,-8.992048e-05
1735189688.629826,indexFingerTipAnchor,0.9735941,0.18744324,0.13030371,-0.19154467,0.9812884,0.019576384,-0.12419607,-0.04401844,0.9912807,-0.18579194,-0.02130387,0.012244784
1735189688.6410131,handAnchor,-0.0471866,0.045105625,0.99786717,0.2833697,0.9585436,-0.029928306,-0.9578492,0.28135312,-0.058011945,0.27379963,0.72474456,-0.36767069
1735189688.6410131,indexFingerTipParent,1.0,4.8731135e-08,8.662299e-08,-3.9625263e-08,1.0000002,-6.325717e-08,-6.3117085e-08,7.587368e-08,1.0000002,-0.023438292,0.00011101051,-9.145028e-05
1735189688.6410131,indexFingerTipAnchor,0.97284806,0.1915686,0.12987757,-0.19529812,0.98060524,0.016493892,-0.12419904,-0.041410886,0.9913928,-0.18599172,-0.021611243,0.0122444015
1735189688.6767,handAnchor,-0.047422674,0.04420418,0.99789655,0.28593472,0.9578151,-0.028840313,-0.9570751,0.2839655,-0.058061644,0.27397844,0.7247062,-0.36773455
1735189688.6767,indexFingerTipParent,0.9999999,-4.6460418e-08,1.3266981e-07,2.7814686e-09,0.9999998,-5.745096e-08,-1.8095801e-07,4.4463533e-08,0.9999999,-0.023524715,0.000117021526,-9.144918e-05
1735189688.6767,indexFingerTipAnchor,0.9717848,0.19692072,0.12983197,-0.20007107,0.97971296,0.011555498,-0.124922656,-0.037205122,0.9914685,-0.18617032,-0.02200982,0.012191413
1735189688.676745,handAnchor,-0.04847144,0.044260312,0.9978436,0.28770497,0.95729536,-0.028486148,-0.95649195,0.28570375,-0.05913543,0.274108,0.72473407,-0.36755425
1735189688.676745,indexFingerTipParent,1.0,-9.301895e-08,1.0102902e-07,3.6819106e-08,1.0000001,-3.4312944e-08,-1.0523946e-07,2.1020572e-08,1.0000001,-0.023535607,0.00011367444,-9.371009e-05
1735189688.676745,indexFingerTipAnchor,0.97238207,0.19566123,0.12723967,-0.19898605,0.9799047,0.01384059,-0.121974684,-0.038777247,0.99177575,-0.18635349,-0.02224463,0.012343946
1735189688.685446,handAnchor,-0.048952818,0.044574965,0.9978061,0.28810284,0.95717174,-0.02862525,-0.95634764,0.2860694,-0.059698436,0.27413243,0.72475904,-0.36739004
1735189688.685446,indexFingerTipParent,0.99999994,-1.249045e-08,1.357559e-10,3.9583263e-08,0.99999994,2.6471708e-08,1.8073831e-09,-2.9743827e-08,0.99999994,-0.023498684,0.00010760691,-9.388391e-05
1735189688.685446,indexFingerTipAnchor,0.9732875,0.19228573,0.12544799,-0.1959416,0.9804614,0.017367864,-0.119657345,-0.041484352,0.99194795,-0.18638146,-0.022253469,0.012463856
1735189688.696671,handAnchor,-0.049346946,0.044740655,0.9977792,0.287889,0.9572341,-0.02868454,-0.9563917,0.2858341,-0.060116928,0.27414948,0.7248084,-0.3673391
1735189688.696671,indexFingerTipParent,1.0000001,-1.0102317e-07,-7.350272e-08,3.7325293e-08,1.0,3.7342737e-08,9.050578e-08,-3.618615e-08,1.0000001,-0.023472361,0.00010683527,-9.4835326e-05
1735189688.696671,indexFingerTipAnchor,0.9735558,0.19231832,0.12330103,-0.19605477,0.98041266,0.018806811,-0.11726897,-0.042483225,0.99219126,-0.18634701,-0.022290366,0.0126110595
1735189688.707521,handAnchor,-0.049692452,0.04494965,0.9977526,0.28722784,0.95742834,-0.028827798,-0.95657235,0.28514978,-0.060487766,0.27414802,0.7248723,-0.36730778
1735189688.707521,indexFingerTipParent,1.0000001,-6.9335635e-09,-1.01741996e-07,5.206817e-08,1.0000002,3.45162e-08,5.9364737e-08,-2.1223347e-08,1.0000001,-0.023434449,0.00010638393,-9.749051e-05
1735189688.707521,indexFingerTipAnchor,0.97379583,0.19273475,0.12072868,-0.19652984,0.98028886,0.020245258,-0.11444703,-0.043441597,0.99247926,-0.18626148,-0.022297943,0.012787225
1735189688.7187572,handAnchor,-0.049984146,0.04519643,0.9977268,0.2861948,0.9577309,-0.029046832,-0.95686686,0.28409234,-0.060806382,0.27412778,0.7249537,-0.3672939
1735189688.7187572,indexFingerTipParent,0.99999976,-4.427528e-08,-1.1448672e-07,5.4012524e-08,0.99999976,6.5339975e-08,1.393038e-07,-6.1138415e-08,0.99999976,-0.023388896,0.00010750109,-9.881788e-05
1735189688.7187572,indexFingerTipAnchor,0.9739301,0.19375534,0.11797844,-0.19757755,0.9800511,0.021500655,-0.11145901,-0.044250026,0.9927831,-0.18613537,-0.022283698,0.012982943
1735189688.729795,handAnchor,-0.050137304,0.04560217,0.9977008,0.2866037,0.9575989,-0.029366579,-0.95673645,0.28447235,-0.06108118,0.27406856,0.7250981,-0.36711153
1735189688.729795,indexFingerTipParent,1.0,-6.397597e-08,-4.383328e-08,8.53048e-08,1.0,5.972953e-08,1.0515041e-07,-3.4615166e-08,0.99999994,-0.02338983,0.000109219574,-9.911631e-05
1735189688.729795,indexFingerTipAnchor,0.97377175,0.19478957,0.11758244,-0.19847453,0.9798942,0.020374637,-0.11124951,-0.04317735,0.99285406,-0.18621339,-0.022332843,0.012994094
1735189688.740941,handAnchor,-0.05019642,0.04610419,0.99767464,0.28752008,0.9573115,-0.02977282,-0.9564582,0.285357,-0.061309554,0.2739807,0.7252821,-0.36685637
1735189688.740941,indexFingerTipParent,0.99999994,-6.529603e-08,1.596787e-08,4.9556697e-08,1.0,4.6887894e-08,3.2923428e-08,-2.227275e-08,0.99999994,-0.02340933,0.00011232439,-9.798316e-05
1735189688.740941,indexFingerTipAnchor,0.9734174,0.1961547,0.11824485,-0.19960971,0.9797101,0.01800395,-0.112314,-0.041128132,0.9928213,-0.18636958,-0.022401689,0.0129260775
1735189688.7522159,handAnchor,-0.05018718,0.046731055,0.9976459,0.28890207,0.9568793,-0.03028809,-0.95604223,0.2867019,-0.061523788,0.27386934,0.72549915,-0.36654368
1735189688.7522159,indexFingerTipParent,1.0,-3.606784e-08,4.2911136e-08,1.3958274e-08,1.0,2.6576197e-08,-9.040453e-08,-1.8342323e-09,1.0000001,-0.023445692,0.00011704594,-9.5100826e-05
1735189688.7522159,indexFingerTipAnchor,0.97289884,0.19773869,0.119864926,-0.20087771,0.9795079,0.014574996,-0.114526644,-0.038258214,0.9926833,-0.18659385,-0.022481225,0.012791183
1735189688.763144,handAnchor,-0.050851814,0.047902573,0.99755687,0.2899675,0.9565294,-0.031150969,-0.95568466,0.28767496,-0.062531374,0.2738356,0.7256143,-0.36648655
1735189688.763144,indexFingerTipParent,0.9999999,-2.4184143e-08,7.291229e-08,3.712657e-08,0.9999999,1.6019737e-08,-4.2615437e-08,-2.3488894e-08,0.99999994,-0.023462873,0.00011843564,-9.496071e-05
1735189688.763144,indexFingerTipAnchor,0.97302663,0.19731893,0.11951532,-0.2003475,0.979628,0.013757964,-0.114365965,-0.03733146,0.9927369,-0.18666615,-0.022441912,0.0128719825
1735189688.774235,handAnchor,-0.05180426,0.04940582,0.9974347,0.29112008,0.95614326,-0.032240476,-0.9552832,0.288703,-0.06391539,0.27382725,0.7256973,-0.36652344
1735189688.774235,indexFingerTipParent,1.0,-5.9117227e-08,7.216848e-08,3.6487545e-08,1.0000001,-2.8354298e-08,-7.614417e-08,1.36825244e-08,0.99999994,-0.023479478,0.000118870055,-9.5042196e-05
1735189688.774235,indexFingerTipAnchor,0.9733839,0.19603658,0.11871431,-0.199015,0.97990113,0.013659145,-0.11365053,-0.03692154,0.9928342,-0.18670012,-0.022350388,0.013022576
1735189688.785361,handAnchor,-0.0529588,0.051119063,0.9972875,0.29229808,0.9557415,-0.03346765,-0.95485985,0.28973275,-0.065556906,0.27384523,0.72574484,-0.3666488
1735189688.785361,indexFingerTipParent,0.99999994,-7.6873995e-08,8.776266e-08,7.878676e-08,1.0,-5.3240917e-08,-1.184776e-07,1.0737209e-08,0.99999994,-0.023494514,0.00011839906,-9.4687864e-05
1735189688.785361,indexFingerTipAnchor,0.97392166,0.19406825,0.117532216,-0.19706386,0.980286,0.0143141495,-0.11243729,-0.037102275,0.9929658,-0.18669204,-0.02221722,0.013232929
1735189688.796496,handAnchor,-0.052493237,0.050472654,0.99734503,0.29222968,0.9557789,-0.03298819,-0.9549064,0.28972214,-0.06492159,0.27390814,0.7256932,-0.3667439
1735189688.796496,indexFingerTipParent,0.99999994,-5.7073752e-08,-1.4597284e-08,5.3314782e-08,1.0,-5.8202496e-09,-1.0075445e-09,1.48749235e-08,1.0,-0.023488546,0.000119475764,-9.7677985e-05
1735189688.796496,indexFingerTipAnchor,0.9737782,0.19521242,0.11682558,-0.19840328,0.97998637,0.016223084,-0.11132045,-0.038976226,0.9930201,-0.18657827,-0.02226064,0.013280942
1735189688.809504,handAnchor,-0.05135037,0.048790097,0.9974882,0.29157126,0.9560219,-0.03175185,-0.95516986,0.28920844,-0.06331789,0.27400646,0.7255753,-0.3668699
1735189688.809504,indexFingerTipParent,1.0,-5.5843685e-08,-1.4365438e-08,5.869501e-08,1.0000001,-1.0018442e-08,3.017655e-08,-5.958302e-09,1.0000001,-0.02347183,0.00012083063,-0.0001019557
1735189688.809504,indexFingerTipAnchor,0.9733945,0.19751228,0.116154425,-0.20101371,0.97940147,0.019127568,-0.10998393,-0.041967362,0.9930469,-0.1863922,-0.022367934,0.013281887
1735189688.818986,handAnchor,-0.04952652,0.046072874,0.9977095,0.2903251,0.95646507,-0.02975647,-0.95564544,0.28818637,-0.060746476,0.27413985,0.72539115,-0.36702675
1735189688.818986,indexFingerTipParent,1.0,1.8076273e-09,-2.9608355e-08,4.5086388e-08,1.0,-9.8411834e-11,-1.4357961e-09,6.420835e-09,0.99999994,-0.023444396,0.0001228099,-0.00010737333
1735189688.818986,indexFingerTipAnchor,0.9727619,0.20097388,0.11551839,-0.20489614,0.97851336,0.023022711,-0.108409315,-0.046064872,0.9930388,-0.18613458,-0.022537915,0.013236442
1735189688.829818,handAnchor,-0.050175127,0.047395173,0.9976154,0.28848267,0.9569847,-0.030955613,-0.95616966,0.2862415,-0.06168955,0.2740669,0.7254371,-0.3670354
1735189688.829818,indexFingerTipParent,0.99999994,-3.717689e-08,-1.4495936e-08,4.9322747e-08,0.99999994,5.5516868e-08,1.5772256e-08,-4.3203336e-08,1.0,-0.0234327,0.00012466722,-0.00010763619
1735189688.829818,indexFingerTipAnchor,0.9728177,0.20158003,0.11397717,-0.20542558,0.97840345,0.02294345,-0.10689064,-0.04573363,0.9932182,-0.18610647,-0.022279315,0.013441977
1735189688.840887,handAnchor,-0.051406216,0.04988014,0.9974316,0.28605947,0.95763844,-0.033147052,-0.9568322,0.28362074,-0.063497216,0.2739266,0.7255422,-0.36699897
1735189688.840887,indexFingerTipParent,1.0,2.383394e-08,6.860314e-11,-9.634128e-09,0.99999994,2.8193462e-08,4.6258247e-10,-1.4885804e-08,0.99999994,-0.023421356,0.00012790102,-0.00010776196
1735189688.840887,indexFingerTipAnchor,0.9730305,0.20161682,0.11208162,-0.20524463,0.9784698,0.021710787,-0.10529122,-0.044129387,0.9934616,-0.18613541,-0.021862263,0.0137139
1735189688.8519812,handAnchor,-0.05328135,0.05347752,0.99714655,0.28320688,0.9583729,-0.036265265,-0.95757765,0.28046647,-0.06620861,0.2737267,0.72570264,-0.36691937
1735189688.8519812,indexFingerTipParent,1.0000002,-5.289814e-08,-5.898087e-08,2.7720326e-08,1.0000001,1.0070802e-07,4.494019e-08,-9.2397244e-08,1.0000001,-0.023412915,0.00013040262,-0.00010564395
1735189688.8519812,indexFingerTipAnchor,0.97341937,0.20092191,0.10993387,-0.20420092,0.9787384,0.019312285,-0.10371625,-0.04124758,0.99375147,-0.18622454,-0.021303546,0.014056951
1735189688.86314,handAnchor,-0.05258208,0.053402625,0.99718773,0.28281465,0.958483,-0.03641694,-0.9577322,0.2801044,-0.0655021,0.27384207,0.72558045,-0.36699516
1735189688.86314,indexFingerTipParent,1.0,-9.262397e-09,-4.298549e-08,-5.2862967e-09,1.0000001,6.08369e-08,6.277419e-08,-6.0177186e-08,1.0,-0.023432545,0.00013052241,-0.00010715466
1735189688.86314,indexFingerTipAnchor,0.97355133,0.20027445,0.1099453,-0.20341988,0.978925,0.018063229,-0.1040106,-0.03995058,0.9937735,-0.18623693,-0.02119534,0.014075812
1735189688.874568,handAnchor,-0.050958164,0.052132692,0.997339,0.2833999,0.95834,-0.03561409,-0.9576469,0.28083098,-0.06360966,0.27407944,0.72534996,-0.36712387
1735189688.874568,indexFingerTipParent,1.0,-4.949672e-08,1.1621992e-07,3.9323947e-08,1.0000001,3.341962e-08,-9.0371515e-08,-1.1609958e-08,1.0000001,-0.023467306,0.00012900645,-0.000109068
1735189688.874568,indexFingerTipAnchor,0.97365224,0.1992647,0.11088345,-0.2023063,0.97917885,0.016776744,-0.10523169,-0.0387671,0.99369174,-0.18624495,-0.021231413,0.013974723
1735189688.885334,handAnchor,-0.048541106,0.049817234,0.9975782,0.28487387,0.9579626,-0.033977248,-0.95733523,0.28253463,-0.060692195,0.27442184,0.7250262,-0.36729547
1735189688.885334,indexFingerTipParent,0.9999998,-5.760465e-09,1.7528896e-07,1.3136905e-08,0.9999998,-6.2754665e-08,-1.7672993e-07,5.2110845e-08,0.9999998,-0.023514377,0.00012572762,-0.00011185609
1735189688.885334,indexFingerTipAnchor,0.9737172,0.19797255,0.11261279,-0.20093986,0.9794807,0.015525124,-0.10722847,-0.037745453,0.99351776,-0.18624988,-0.021397552,0.013767237
1735189688.896449,handAnchor,-0.04816078,0.049388584,0.99761796,0.28506058,0.9579182,-0.033661675,-0.9572989,0.2827603,-0.060212858,0.2745152,0.72492754,-0.36729676
1735189688.896449,indexFingerTipParent,1.0,1.3844037e-08,1.4529974e-07,2.1381165e-08,1.0,-3.416889e-08,-1.4845361e-07,5.134891e-08,1.0,-0.023511678,0.00012674811,-0.00011258335
1735189688.896449,indexFingerTipAnchor,0.9735949,0.19857587,0.11260728,-0.2015014,0.9793716,0.015107874,-0.107284255,-0.037399482,0.9935247,-0.1862709,-0.021444712,0.013747923
1735189688.9076018,handAnchor,-0.048357524,0.04933627,0.99761105,0.28508094,0.9579159,-0.033554364,-0.957283,0.2827772,-0.06038722,0.27454224,0.72488976,-0.36723763
1735189688.9076018,indexFingerTipParent,0.9999998,2.6293414e-08,8.817661e-08,3.3975706e-08,0.9999999,1.0970798e-09,-1.1520719e-07,1.8309683e-08,0.99999976,-0.023491055,0.00012901134,-0.00011296771
1735189688.9076018,indexFingerTipAnchor,0.97336423,0.19995238,0.11216199,-0.20286995,0.9790888,0.015114607,-0.10679443,-0.037466284,0.9935747,-0.1862977,-0.02150114,0.013764853
1735189688.91871,handAnchor,-0.04913196,0.04966059,0.99755716,0.28493476,0.95795596,-0.033655465,-0.9572871,0.28258505,-0.061216295,0.27450275,0.72491294,-0.36711806
1735189688.91871,indexFingerTipParent,0.99999994,1.5051205e-08,1.8399073e-10,-3.3557484e-08,0.99999994,4.6459533e-08,-1.3957277e-08,-6.857878e-08,1.0,-0.023452679,0.00013236601,-0.00011275962
1735189688.91871,indexFingerTipAnchor,0.97302175,0.20210338,0.11127818,-0.20504613,0.97862864,0.015547855,-0.10575768,-0.037945576,0.9936677,-0.18633045,-0.021567034,0.013818316
1735189688.929858,handAnchor,-0.047515348,0.049159203,0.99766004,0.2861965,0.9575831,-0.03355381,-0.95699203,0.28393245,-0.059569117,0.27457383,0.7249132,-0.36701673
1735189688.929858,indexFingerTipParent,0.99999994,-2.7457473e-08,5.849857e-08,-2.1012406e-08,0.99999976,9.829834e-10,-1.1616317e-07,-5.8654468e-08,1.0,-0.023447407,0.00013370563,-0.00011154282
1735189688.929858,indexFingerTipAnchor,0.9726709,0.2027176,0.11321158,-0.20562674,0.9785227,0.014516291,-0.10783744,-0.03739892,0.99346477,-0.18637596,-0.021603243,0.01356077
1735189688.9427052,handAnchor,-0.04521245,0.048529852,0.9977982,0.28795218,0.9570589,-0.03350066,-0.9565772,0.28580344,-0.057245243,0.27465338,0.72493875,-0.36688828
1735189688.9427052,indexFingerTipParent,1.0,-1.4539368e-10,-7.891418e-11,-1.9352699e-08,1.0,3.4625923e-08,8.0946705e-10,-2.9809765e-08,1.0,-0.023445945,0.0001351015,-0.00011064796
1735189688.9427052,indexFingerTipAnchor,0.9722522,0.20312262,0.11604595,-0.2059835,0.9784678,0.013088952,-0.11088865,-0.036629297,0.9931576,-0.18643007,-0.021629905,0.013191522
1735189688.952188,handAnchor,-0.0421043,0.047710713,0.9979734,0.29027095,0.9563588,-0.033474755,-0.95601773,0.2882733,-0.054115836,0.2747489,0.7249861,-0.36673602
1735189688.952188,indexFingerTipParent,1.0000001,-7.304929e-08,1.8834193e-07,1.1276832e-07,1.0000001,-1.4784262e-08,-1.2105984e-07,-2.2999805e-08,1.0000002,-0.02345036,0.00013623426,-0.000109208115
1735189688.952188,indexFingerTipAnchor,0.97175854,0.20321792,0.119949274,-0.20600736,0.9784864,0.011200506,-0.1150926,-0.035594676,0.992717,-0.1864922,-0.021646487,0.012696415
1735189688.963171,handAnchor,-0.04085711,0.047147438,0.998052,0.29146728,0.9560034,-0.03322933,-0.9557079,0.28954184,-0.052801434,0.2748583,0.72494274,-0.36683547
1735189688.963171,indexFingerTipParent,1.0000001,-1.2139151e-08,1.4529526e-07,6.2243025e-08,1.0,3.1512946e-09,-1.7909045e-07,1.0022128e-08,1.0,-0.023450611,0.00013462167,-0.0001069543
1735189688.963171,indexFingerTipAnchor,0.9716887,0.20208123,0.12241031,-0.2050371,0.9786814,0.011920409,-0.117391944,-0.036681592,0.9924078,-0.18653576,-0.021666924,0.012432695
1735189688.974271,handAnchor,-0.039932452,0.04658089,0.99811596,0.29250774,0.95569694,-0.032898642,-0.9554289,0.29064286,-0.051788624,0.27498284,0.72487354,-0.36702803
1735189688.974271,indexFingerTipParent,1.0000001,7.24628e-09,7.192665e-08,3.3281374e-08,1.0000001,3.411469e-08,-9.080972e-08,1.4628594e-08,1.0000001,-0.023452533,0.0001308675,-0.00010537927
1735189688.974271,indexFingerTipAnchor,0.9717678,0.20022078,0.12481624,-0.203441,0.97899455,0.01347868,-0.11949565,-0.038490865,0.9920886,-0.18657647,-0.02168438,0.012194237
1735189688.98541,handAnchor,-0.039442748,0.046035454,0.9981608,0.2933272,0.95546037,-0.03247516,-0.9551981,0.29150677,-0.051189434,0.27512255,0.72477365,-0.36732525
1735189688.98541,indexFingerTipParent,0.99999994,7.8316816e-08,2.9287301e-08,-6.2180945e-08,1.0,2.2305513e-09,1.496822e-08,-1.5086203e-08,1.0,-0.023455827,0.00012554182,-0.00010339219
1735189688.98541,indexFingerTipAnchor,0.9720055,0.19761282,0.12710153,-0.20121363,0.9794165,0.016014658,-0.12132063,-0.04114085,0.99176055,-0.18661334,-0.021698613,0.011996353
1735189688.99654,handAnchor,-0.039025802,0.046574097,0.99815226,0.29432374,0.9551339,-0.033059347,-0.95490897,0.29248965,-0.050982792,0.27513438,0.724831,-0.36732548
1735189688.99654,indexFingerTipParent,0.99999994,5.319445e-08,-4.276455e-08,-7.720449e-08,0.99999994,2.9196256e-08,6.194232e-08,-4.4195055e-08,0.99999994,-0.023466822,0.00012341226,-0.000103635255
1735189688.99654,indexFingerTipAnchor,0.97239137,0.19553298,0.12736385,-0.19914538,0.9798368,0.016149264,-0.12163805,-0.041067265,0.9917243,-0.18659756,-0.021608599,0.011989437
1735189689.007585,handAnchor,-0.03889125,0.047582906,0.9981101,0.29526326,0.9548103,-0.034013767,-0.9546243,0.29338232,-0.051183265,0.27510062,0.7249373,-0.36726016
1735189689.007585,indexFingerTipParent,0.9999999,5.939696e-08,-1.1560798e-07,-6.368443e-08,0.99999994,3.835231e-08,1.3530625e-07,-3.6018665e-08,1.0,-0.023481816,0.00012149924,-0.00010390061
1735189689.007585,indexFingerTipAnchor,0.9729328,0.19324222,0.1267229,-0.19676675,0.980323,0.015790856,-0.12117793,-0.040298313,0.9918124,-0.18655749,-0.021473354,0.01208747
1735189689.018666,handAnchor,-0.03902064,0.049107842,0.9980309,0.2961651,0.9544809,-0.035385616,-0.95433927,0.29420117,-0.051788468,0.2750154,0.7251004,-0.36711246
1735189689.018666,indexFingerTipParent,0.9999996,3.280145e-08,-1.5713879e-07,-5.397528e-08,0.9999997,-1.533784e-08,1.507124e-07,-2.6703684e-09,0.99999976,-0.023501163,0.00011998706,-0.00010493488
1735189689.018666,indexFingerTipAnchor,0.97362775,0.19079733,0.12508166,-0.19411969,0.98086613,0.014819552,-0.11986083,-0.038709547,0.99203587,-0.18649071,-0.021288795,0.0122959055
