time,type,0x,0y,0z,1x,1y,1z,2x,2y,2z,3x,3y,3z
1735192912.555634,handAnchor,0.49514982,0.019882783,0.8685802,0.33609584,0.9175189,-0.21260057,-0.80116576,0.39719528,0.4476267,0.20032078,-0.34239528,0.010361478
1735192912.555634,indexFingerTipParent,1.0,2.716714e-09,5.042795e-08,2.5250877e-09,1.0,-8.6594376e-10,-5.3972578e-08,2.8744752e-08,1.0000001,-0.022043437,0.000104382634,-0.0006684065
1735192912.555634,indexFingerTipAnchor,0.93034506,0.3332524,0.15297326,-0.33480287,0.9421474,-0.016282095,-0.14954951,-0.036068,0.98809624,-0.17521709,-0.023150163,0.004507945
1735192912.5889978,handAnchor,0.51118785,0.024296831,0.85912544,0.3298148,0.91752535,-0.22219138,-0.79366803,0.3969338,0.46101445,0.1437948,0.59016746,-0.23237872
1735192912.5889978,indexFingerTipParent,1.0,1.5626398e-08,-2.553353e-10,-1.3820255e-08,1.0,1.9829116e-09,-2.6202772e-08,3.196307e-08,1.0,-0.022055238,0.0001077652,-0.0006659627
1735192912.5889978,indexFingerTipAnchor,0.9298259,0.333427,0.15572646,-0.3345464,0.94217217,-0.019751344,-0.15330704,-0.033732504,0.9876027,-0.17545873,-0.022886325,0.0043758163
1735192912.6222858,handAnchor,0.50970274,0.03378875,0.8596868,0.32346565,0.91839105,-0.22787678,-0.7972284,0.39422855,0.45717698,0.14360243,0.5909891,-0.23218471
1735192912.6222858,indexFingerTipParent,0.99999994,1.9525942e-08,5.2320814e-09,3.0737745e-08,0.99999994,1.2955148e-09,-1.0254233e-08,3.4566483e-08,1.0,-0.022078991,0.00010356307,-0.0006695092
1735192912.6222858,indexFingerTipAnchor,0.93222874,0.32913095,0.15040536,-0.33034983,0.94369537,-0.017537054,-0.14770868,-0.033337772,0.98846877,-0.17600632,-0.022259472,0.0048022587
1735192912.644435,handAnchor,0.50617504,0.041487925,0.8614324,0.3178435,0.9195602,-0.23105131,-0.8017247,0.39075312,0.45227164,0.14319934,0.5925445,-0.23158665
1735192912.644435,indexFingerTipParent,1.0,-4.518739e-08,-1.7820419e-08,2.0567796e-08,1.0,-1.3037926e-09,2.3807793e-08,6.0130034e-09,1.0,-0.022133201,9.9763274e-05,-0.0006736666
1735192912.644435,indexFingerTipAnchor,0.93320334,0.3288595,0.14485508,-0.33015367,0.94379663,-0.015711188,-0.14188063,-0.033162747,0.9893283,-0.17684656,-0.022477733,0.005017981
1735192912.68891,handAnchor,0.50395703,0.045112584,0.86254984,0.3158898,0.91982484,-0.23267117,-0.8038913,0.38972697,0.44930154,0.14308085,0.59268194,-0.23191877
1735192912.68891,indexFingerTipParent,1.0,-2.1194264e-08,-2.451653e-08,2.6572309e-08,1.0,-1.7509628e-08,5.7261857e-09,2.3690374e-08,1.0,-0.022239566,8.72165e-05,-0.00068080425
1735192912.68891,indexFingerTipAnchor,0.93539023,0.32234573,0.14538838,-0.32344094,0.9461006,-0.01669999,-0.14293528,-0.03140352,0.9892334,-0.1776506,-0.022594372,0.004892417
1735192912.71203,handAnchor,0.50144935,0.048584864,0.8638217,0.31764624,0.9183588,-0.23604627,-0.80476654,0.39275506,0.44507778,0.14276162,0.59320956,-0.23228595
1735192912.71203,indexFingerTipParent,0.99999994,-2.4837888e-08,-5.3568208e-09,3.530286e-08,1.0,1.336322e-08,-1.2779186e-08,-1.617105e-08,1.0,-0.022391379,7.741153e-05,-0.00068724155
1735192912.71203,indexFingerTipAnchor,0.9368286,0.31614345,0.14968637,-0.31704223,0.9482321,-0.018458975,-0.14777318,-0.030163998,0.9885613,-0.17826404,-0.022995241,0.0044805836
1735192912.7555509,handAnchor,0.49991745,0.052033234,0.86450833,0.31637207,0.9182384,-0.23821495,-0.80622005,0.39259416,0.4425817,0.14243744,0.5934746,-0.2331203
1735192912.7555509,indexFingerTipParent,0.99999994,4.360203e-08,5.404985e-09,-1.6002616e-08,1.0,1.4531986e-08,-9.496176e-09,4.4334307e-08,1.0,-0.02249235,6.361306e-05,-0.0006966591
1735192912.7555509,indexFingerTipAnchor,0.93762845,0.31459343,0.1479344,-0.31610674,0.9486239,-0.013790321,-0.14467241,-0.03383283,0.98890126,-0.17840591,-0.023182657,0.004545249
1735192912.788928,handAnchor,0.5014372,0.04623849,0.8639575,0.31940922,0.9181377,-0.23452194,-0.8040761,0.39355403,0.44561943,0.14205751,0.5937051,-0.23392697
1735192912.788928,indexFingerTipParent,0.99999994,-1.7507524e-08,2.3854792e-08,1.8035648e-08,1.0,-6.511742e-10,1.0962307e-09,8.611556e-09,0.99999994,-0.022316933,4.4688582e-05,-0.00070025027
1735192912.788928,indexFingerTipAnchor,0.9376246,0.31437483,0.14841975,-0.31601027,0.94866604,-0.013055431,-0.14490503,-0.034661036,0.98883826,-0.17742091,-0.023417747,0.0043987194
1735192912.811105,handAnchor,0.49694586,0.054193653,0.8660877,0.31886515,0.91682476,-0.24032763,-0.80707484,0.39559498,0.43833184,0.14179981,0.5941861,-0.23448288
1735192912.811105,indexFingerTipParent,0.99999994,1.3671961e-08,3.8613237e-09,-1.6130361e-08,0.99999994,1.0844232e-09,-1.7476065e-09,-2.8575537e-08,1.0,-0.02232945,2.8565526e-05,-0.0007124096
1735192912.811105,indexFingerTipAnchor,0.9436103,0.3023441,0.13486108,-0.3030836,0.95283747,-0.01551269,-0.13319102,-0.026236324,0.9907431,-0.17741935,-0.022619013,0.0056160875
1735192912.855774,handAnchor,0.49897665,0.05264994,0.86501473,0.31926876,0.91677856,-0.23996817,-0.8056612,0.39591062,0.44064152,0.14185975,0.594545,-0.23528104
1735192912.855774,indexFingerTipParent,1.0,-1.5761533e-08,-2.567327e-08,1.404079e-08,1.0,-5.0745514e-09,-1.562988e-09,3.970355e-08,0.99999994,-0.022300422,1.5497208e-05,-0.00071655214
1735192912.855774,indexFingerTipAnchor,0.9418119,0.3073708,0.13606253,-0.30869788,0.9510872,-0.011766989,-0.13302417,-0.030919889,0.99063015,-0.17710748,-0.022833513,0.0054573286
1735192912.888932,handAnchor,0.4988954,0.05214037,0.8650924,0.32207975,0.91554403,-0.24092333,-0.80459195,0.39882424,0.43996724,0.14183013,0.5950096,-0.23581123
1735192912.888932,indexFingerTipParent,0.99999994,-1.1449494e-08,5.920981e-09,-2.3437021e-08,0.99999994,1.455129e-08,-8.801116e-09,-3.459961e-08,1.0,-0.022348106,-4.3809414e-06,-0.00072337687
1735192912.888932,indexFingerTipAnchor,0.9439333,0.3006525,0.13637283,-0.30177656,0.9532919,-0.012851165,-0.13386694,-0.029023472,0.990574,-0.17712426,-0.02303509,0.0053945007
1735192912.9112248,handAnchor,0.49788392,0.059859466,0.8651755,0.31902432,0.91502196,-0.24689762,-0.80643356,0.3989383,0.436478,0.14176793,0.59560037,-0.23644842
1735192912.9112248,indexFingerTipParent,1.0,-3.1864964e-08,1.1147087e-08,1.1868664e-08,1.0000001,2.3870303e-08,8.548966e-09,1.1160196e-08,1.0,-0.022459328,-1.9550323e-05,-0.0007264614
1735192912.9112248,indexFingerTipAnchor,0.94560504,0.29441026,0.1383963,-0.2957539,0.95519835,-0.0112270145,-0.13550116,-0.030314902,0.99031323,-0.17755438,-0.02262444,0.005344779
1735192912.944356,handAnchor,0.50097525,0.05587057,0.86365634,0.32115024,0.91466546,-0.24545786,-0.8036705,0.40033174,0.4402819,0.14191727,0.5956305,-0.23732
1735192912.944356,indexFingerTipParent,0.99999994,-2.6648749e-08,1.0969064e-08,1.37548355e-08,0.99999994,2.0858923e-08,-1.29804185e-08,-2.009687e-08,1.0,-0.022467643,-3.7163496e-05,-0.00072939694
1735192912.944356,indexFingerTipAnchor,0.9444575,0.2959021,0.14297436,-0.29792807,0.9545586,-0.0075216405,-0.13870318,-0.035492267,0.9896978,-0.1773376,-0.023174372,0.0048842747
1735192912.989243,handAnchor,0.505925,0.051665336,0.8610288,0.3146946,0.9183468,-0.24001352,-0.80312353,0.39238995,0.44835582,0.14191666,0.5960226,-0.2378835
1735192912.989243,indexFingerTipParent,1.0,-7.2176327e-09,-2.8246259e-08,-5.9417147e-09,1.0,1.0077955e-08,-1.27521815e-08,1.1353873e-08,1.0,-0.022406846,-5.669892e-05,-0.0007275641
1735192912.989243,indexFingerTipAnchor,0.9418303,0.30242473,0.1466122,-0.30562934,0.95215046,-0.00070250395,-0.13980913,-0.044147283,0.98919386,-0.17696373,-0.023613326,0.0043624192
1735192913.022249,handAnchor,0.5073024,0.05350598,0.86010534,0.30927977,0.9202748,-0.23966664,-0.80435705,0.38759667,0.45030943,0.14169586,0.5964489,-0.2384637
1735192913.022249,indexFingerTipParent,1.0000001,-5.8101612e-09,-3.734348e-08,1.3194963e-08,1.0000001,1.2657821e-09,5.644356e-09,1.24839925e-08,1.0,-0.02238223,-6.0006976e-05,-0.0007264465
1735192913.022249,indexFingerTipAnchor,0.94119626,0.30392367,0.14758173,-0.3061637,0.95194656,-0.007852772,-0.14287643,-0.03779313,0.9890185,-0.17675419,-0.02345582,0.0043298807
1735192913.055684,handAnchor,0.50802743,0.056799263,0.8594662,0.30478504,0.92141247,-0.24105047,-0.8056143,0.38441262,0.45079118,0.14153995,0.59673524,-0.23889963
1735192913.055684,indexFingerTipParent,1.0,1.223216e-08,3.0452384e-08,7.887735e-10,1.0,1.9261797e-08,-4.7511193e-08,1.5009862e-08,1.0,-0.022341877,-6.125122e-05,-0.00072555244
1735192913.055684,indexFingerTipAnchor,0.9406138,0.30682224,0.1452777,-0.30879885,0.95108175,-0.009309203,-0.14102727,-0.036105223,0.989347,-0.17652932,-0.023308923,0.004598313
1735192913.089011,handAnchor,0.5058359,0.061107635,0.86046237,0.31016615,0.917894,-0.24752215,-0.8049389,0.39209193,0.44535023,0.14131588,0.5969064,-0.23935792
1735192913.089011,indexFingerTipParent,1.0,4.5132253e-10,-2.685142e-08,-2.352607e-10,1.0,-4.5984763e-09,4.006731e-09,1.0131039e-08,1.0000001,-0.022369653,-4.6871603e-05,-0.0007285625
1735192913.089011,indexFingerTipAnchor,0.94119054,0.30593896,0.14339249,-0.3060328,0.9517679,-0.021952739,-0.14319262,-0.023221036,0.9894227,-0.17646724,-0.023348752,0.004953254
1735192913.1112928,handAnchor,0.5046291,0.057058122,0.8614489,0.3138365,0.9174277,-0.24460849,-0.80427384,0.39379054,0.44505373,0.1411183,0.5967951,-0.23959802
1735192913.1112928,indexFingerTipParent,1.0,2.1996744e-08,-2.4136728e-09,9.920967e-09,1.0,-2.4590932e-08,2.9424282e-08,1.1746302e-09,1.0000001,-0.022290945,-5.6520104e-05,-0.0007289946
1735192913.1112928,indexFingerTipAnchor,0.940312,0.31053406,0.1392182,-0.3120825,0.9499898,-0.011128172,-0.13571148,-0.032983605,0.99019945,-0.17602564,-0.024019355,0.0053012446
1735192913.155692,handAnchor,0.50473446,0.056816246,0.8614029,0.3151685,0.91682804,-0.24514334,-0.80368656,0.39521933,0.444848,0.14103621,0.59681493,-0.23971921
1735192913.155692,indexFingerTipParent,1.0,6.048392e-12,-2.5867142e-11,-5.1485202e-08,1.0,-7.937106e-08,2.4448935e-08,7.306618e-08,1.0000001,-0.022287855,-5.4567347e-05,-0.0007278773
1735192913.155692,indexFingerTipAnchor,0.93973404,0.31240097,0.13894801,-0.31400275,0.9493607,-0.0108116055,-0.13528925,-0.03347001,0.990241,-0.17597598,-0.024205726,0.005305499
1735192913.166788,handAnchor,0.5050775,0.057115898,0.861182,0.31656158,0.91600734,-0.24641332,-0.80292314,0.3970749,0.444574,0.1409466,0.5968628,-0.23985994
1735192913.166788,indexFingerTipParent,0.9999998,7.39365e-08,-5.6998346e-08,-2.2849685e-08,0.9999999,2.516652e-08,9.03947e-08,-1.6928932e-09,0.9999999,-0.022296337,-5.084566e-05,-0.0007294335
1735192913.166788,indexFingerTipAnchor,0.9390423,0.3144083,0.13909234,-0.31585523,0.9487297,-0.012129495,-0.13577476,-0.032542918,0.990205,-0.17597482,-0.02437527,0.0052561173
1735192913.1779141,handAnchor,0.50566936,0.057956167,0.86077857,0.31800473,0.9149653,-0.24841832,-0.8019798,0.3993491,0.4442396,0.14084925,0.5969385,-0.24002056
1735192913.1779141,indexFingerTipParent,0.99999994,-2.943195e-08,-4.2753282e-08,1.4696374e-08,1.0,7.2137425e-08,2.202045e-08,-5.901643e-08,1.0000001,-0.022316532,-4.4802106e-05,-0.0007313564
1735192913.1779141,indexFingerTipAnchor,0.93821704,0.3165684,0.13975859,-0.31765398,0.9480866,-0.015068029,-0.13727337,-0.030257806,0.99007076,-0.17602238,-0.024526978,0.0051512076
1735192913.1890612,handAnchor,0.50598454,0.057184123,0.8606449,0.31824997,0.9150204,-0.24790044,-0.8016836,0.39933404,0.44478726,0.1407492,0.59694576,-0.24009712
1735192913.1890612,indexFingerTipParent,0.9999998,1.5016626e-08,1.3019677e-07,9.651258e-08,0.9999999,-2.211217e-08,-1.7970076e-07,6.284972e-09,1.0,-0.022291059,-4.5395096e-05,-0.0007315245
1735192913.1890612,indexFingerTipAnchor,0.9376143,0.31812927,0.14025964,-0.31946382,0.947502,-0.013505122,-0.13719273,-0.032145303,0.99002266,-0.17584883,-0.024643073,0.005122793
1735192913.200115,handAnchor,0.50626564,0.055830795,0.86056846,0.31787112,0.91555744,-0.24639936,-0.8016566,0.39829335,0.4457684,0.14064406,0.59692967,-0.24013846
1735192913.200115,indexFingerTipParent,0.9999999,4.4542144e-08,4.3587132e-08,-2.2759265e-08,0.9999999,-2.1700421e-08,-2.2320132e-08,5.6254766e-08,0.9999998,-0.022246884,-4.9876682e-05,-0.00072928413
1735192913.200115,indexFingerTipAnchor,0.9370828,0.3193791,0.14097257,-0.3211889,0.94695896,-0.010344527,-0.13679895,-0.035585016,0.9899596,-0.175581,-0.02472871,0.0051121563
1735192913.211205,handAnchor,0.50652343,0.05391817,0.86053884,0.31690067,0.9165469,-0.24395892,-0.801878,0.39627615,0.4471658,0.1405337,0.596892,-0.24014628
1735192913.211205,indexFingerTipParent,0.9999998,1.0378368e-07,1.4526549e-07,4.6141995e-08,1.0000001,-9.385268e-08,-1.554559e-07,7.899612e-08,0.9999999,-0.022184785,-5.68698e-05,-0.00072616653
1735192913.211205,indexFingerTipAnchor,0.93660975,0.32037663,0.14184709,-0.32287586,0.94642437,-0.0056644175,-0.1360622,-0.040493645,0.9898721,-0.17522345,-0.024785452,0.0051160157
1735192913.22242,handAnchor,0.5065898,0.05329382,0.8605386,0.31694844,0.9166907,-0.24335553,-0.80181706,0.39602774,0.4474948,0.14043309,0.59685254,-0.24020682
1735192913.22242,indexFingerTipParent,0.9999998,4.4586585e-08,1.0234329e-07,-3.9553797e-08,0.99999964,-9.774196e-08,-4.3747168e-08,1.2044336e-07,0.9999997,-0.022167124,-5.712248e-05,-0.0007254682
1735192913.22242,indexFingerTipAnchor,0.93602914,0.3219696,0.14207207,-0.32447153,0.9458771,-0.0058345785,-0.13626124,-0.04063697,0.98983884,-0.17509222,-0.024895502,0.005119304
1735192913.237185,handAnchor,0.50654703,0.053097498,0.86057574,0.31725097,0.91660243,-0.24329282,-0.80172414,0.39625776,0.44745708,0.14033523,0.59680206,-0.24027953
1735192913.237185,indexFingerTipParent,1.0,2.0906584e-11,-3.0502267e-12,1.5075736e-08,1.0,-4.7048054e-08,7.736528e-09,5.814097e-08,1.0,-0.022164676,-5.451531e-05,-0.00072572136
1735192913.237185,indexFingerTipAnchor,0.9354156,0.32376897,0.14202599,-0.3260076,0.9453347,-0.007867334,-0.13680919,-0.038942326,0.98983175,-0.17503919,-0.025019344,0.005128504
1735192913.24514,handAnchor,0.5063966,0.0532937,0.86065227,0.3177863,0.91630334,-0.2437211,-0.80160743,0.39692298,0.4470769,0.14023988,0.5967402,-0.24036306
1735192913.24514,indexFingerTipParent,1.0000001,-4.3894355e-10,-1.3110038e-07,-1.3518283e-08,1.0000001,-6.846415e-08,1.04648954e-07,1.0626823e-07,1.0000001,-0.022176445,-4.952597e-05,-0.00072674
1735192913.24514,indexFingerTipAnchor,0.93477136,0.32575223,0.14173187,-0.32747567,0.9447876,-0.011654579,-0.13770303,-0.03551935,0.9898366,-0.17505883,-0.025156794,0.005143554
1735192913.255961,handAnchor,0.5061359,0.053053543,0.86082035,0.31848323,0.9160626,-0.24371658,-0.8014953,0.39751062,0.4467555,0.14013854,0.5967327,-0.2403636
1735192913.255961,indexFingerTipParent,1.0000001,-1.5125146e-08,-2.0266712e-07,-2.3069746e-10,1.0,1.2510354e-13,2.0432077e-07,-4.459262e-08,1.0000001,-0.022180459,-4.700214e-05,-0.0007271696
1735192913.255961,indexFingerTipAnchor,0.93412167,0.327637,0.14167139,-0.32918677,0.94417477,-0.013030965,-0.13803199,-0.034463894,0.989828,-0.17504975,-0.02531425,0.0051349225
1735192913.266687,handAnchor,0.50576884,0.052764636,0.861054,0.31937668,0.91575253,-0.243713,-0.80137163,0.39826298,0.44630736,0.1400352,0.59674877,-0.24032518
1735192913.266687,indexFingerTipParent,0.9999999,2.9958123e-08,-1.4400575e-07,2.9684696e-08,1.0,-4.5474735e-11,4.816525e-08,2.3365592e-08,0.99999994,-0.022187045,-4.4811306e-05,-0.0007275658
1735192913.266687,indexFingerTipAnchor,0.9334536,0.3295531,0.14162795,-0.3309934,0.94352967,-0.013952061,-0.1382283,-0.03385437,0.98982126,-0.17505948,-0.025488894,0.0051156897
1735192913.277838,handAnchor,0.5052924,0.05244223,0.8613532,0.32046697,0.9153682,-0.24372517,-0.8012368,0.3991877,0.4457226,0.13992994,0.5967874,-0.2402493
1735192913.277838,indexFingerTipParent,1.0,1.2015068e-10,5.956731e-11,-5.884077e-11,1.0,5.2601933e-13,-4.7420123e-12,-2.418499e-13,0.99999994,-0.022196557,-4.2594416e-05,-0.00072803884
1735192913.277838,indexFingerTipAnchor,0.9327674,0.33150873,0.14158633,-0.33289418,0.94285274,-0.014486956,-0.13829763,-0.033620287,0.9898197,-0.17508985,-0.025680512,0.0050868094
1735192913.288985,handAnchor,0.5052222,0.052357398,0.86139977,0.32040748,0.915432,-0.24356474,-0.8013051,0.39905316,0.44572076,0.13981561,0.5968174,-0.2402512
1735192913.288985,indexFingerTipParent,0.99999994,3.6347617e-10,-2.8452586e-08,1.33515305e-08,0.99999994,6.490556e-08,1.4048588e-07,-7.110339e-08,1.0,-0.022190582,-4.285873e-05,-0.0007285068
1735192913.288985,indexFingerTipAnchor,0.93239796,0.33278158,0.14103249,-0.33431095,0.9423671,-0.013413163,-0.137368,-0.03464224,0.98991394,-0.17505446,-0.025764422,0.005087209
1735192913.3001208,handAnchor,0.50531673,0.052380256,0.8613429,0.31983203,0.9156985,-0.24331893,-0.8014754,0.39843807,0.4459648,0.13969558,0.59685326,-0.24027672
1735192913.3001208,indexFingerTipParent,1.0000001,3.557889e-12,2.7894763e-11,-5.9851615e-08,1.0,6.5287516e-08,-1.9056985e-09,-1.3834274e-08,1.0,-0.022177884,-4.456463e-05,-0.00072824955
1735192913.3001208,indexFingerTipAnchor,0.9321839,0.33371496,0.14024214,-0.33551702,0.94196653,-0.011300699,-0.13587454,-0.03651925,0.99005294,-0.1749939,-0.025799649,0.0050986856
1735192913.3114371,handAnchor,0.50556695,0.052508432,0.86118805,0.31876138,0.91615856,-0.24299145,-0.80174387,0.39736196,0.44644174,0.13956995,0.5968958,-0.24032395
1735192913.3114371,indexFingerTipParent,1.0000002,2.8427365e-08,-1.726586e-07,-2.1888676e-08,1.0,4.719689e-08,2.462694e-07,-6.0291555e-08,1.0000002,-0.022158585,-4.7411864e-05,-0.0007277122
1735192913.3114371,indexFingerTipAnchor,0.9321242,0.33431903,0.13919497,-0.33651286,0.94164324,-0.008171922,-0.13380395,-0.039223704,0.9902312,-0.17490971,-0.025787862,0.005120795
1735192913.322394,handAnchor,0.5054919,0.052673083,0.861222,0.31846598,0.9162689,-0.24296251,-0.80190855,0.3970855,0.44639188,0.13945536,0.5969502,-0.24032432
1735192913.322394,indexFingerTipParent,1.0,-4.1732925e-10,-2.318711e-07,-6.682573e-08,1.0,7.9436866e-08,1.3961285e-07,-7.112388e-08,1.0000001,-0.022150846,-4.701052e-05,-0.0007272992
1735192913.322394,indexFingerTipAnchor,0.93188816,0.3351049,0.13888404,-0.337266,0.9413719,-0.008382254,-0.13355054,-0.039029572,0.9902731,-0.17485401,-0.025801318,0.005149019
1735192913.333538,handAnchor,0.50532055,0.05290744,0.8613083,0.3183491,0.9162845,-0.2430565,-0.8020629,0.39701816,0.44617438,0.13934393,0.59701407,-0.24031004
1735192913.333538,indexFingerTipParent,0.9999999,4.5039904e-08,-2.4493784e-07,-1.3569415e-07,0.99999994,6.524351e-08,3.0770994e-07,-5.6230064e-08,1.0000001,-0.022146149,-4.5150337e-05,-0.00072685035
1735192913.333538,indexFingerTipAnchor,0.9316306,0.3358361,0.13884538,-0.3377999,0.9411659,-0.009887731,-0.13399722,-0.037690245,0.9902648,-0.17480251,-0.025805715,0.0051847715
1735192913.344456,handAnchor,0.50505835,0.053211894,0.86144304,0.31839013,0.9162149,-0.2432652,-0.8022116,0.39713812,0.4457998,0.13923536,0.5970874,-0.24028225
1735192913.344456,indexFingerTipParent,0.9999999,4.4459927e-08,-3.9068982e-07,-4.4638217e-08,0.99999994,5.7953912e-08,2.581439e-07,-8.627436e-08,0.9999999,-0.022144182,-4.2170155e-05,-0.0007263471
1735192913.344456,indexFingerTipAnchor,0.93135726,0.3365035,0.13906369,-0.33811134,0.94102144,-0.01261737,-0.13510777,-0.035267793,0.9902029,-0.17475423,-0.025800208,0.005228594
1735192913.3557591,handAnchor,0.5051954,0.05235707,0.8614154,0.31843227,0.9164161,-0.24245135,-0.8021088,0.39678776,0.446297,0.1391741,0.59711236,-0.24027334
1735192913.3557591,indexFingerTipParent,1.0000002,-4.5476735e-08,-5.8754356e-08,2.4841642e-08,1.0000001,1.1944202e-07,1.3364479e-07,-1.12304406e-07,1.0000002,-0.022139357,-4.0849503e-05,-0.0007262002
1735192913.3557591,indexFingerTipAnchor,0.930494,0.33864418,0.13964498,-0.34027335,0.9402394,-0.012778241,-0.13562705,-0.03562738,0.99011904,-0.1746681,-0.025886651,0.0051992238
1735192913.3667989,handAnchor,0.5055038,0.05092093,0.8613204,0.3185509,0.9167175,-0.24115159,-0.8018672,0.39627746,0.44718322,0.1391392,0.59711605,-0.2402681
1735192913.3667989,indexFingerTipParent,0.9999998,4.578353e-10,8.712388e-08,-8.367272e-09,0.9999999,-3.957898e-08,-4.2853838e-08,1.477242e-08,0.9999999,-0.022134371,-4.045031e-05,-0.00072536117
1735192913.3667989,indexFingerTipAnchor,0.92930514,0.34151053,0.14057827,-0.34329095,0.93915045,-0.012148073,-0.13617277,-0.03697004,0.9899951,-0.17456342,-0.026016798,0.005134495
1735192913.3780398,handAnchor,0.50597334,0.048923407,0.8611605,0.3187483,0.91711277,-0.23938209,-0.80149263,0.39561442,0.44844037,0.13913003,0.5970995,-0.24026597
1735192913.3780398,indexFingerTipParent,0.9999998,-2.8124942e-08,1.5931437e-07,-2.7315206e-08,0.9999998,-4.3597538e-08,-2.0319524e-07,5.1167667e-08,1.0000001,-0.022129241,-4.0420557e-05,-0.0007243826
1735192913.3780398,indexFingerTipAnchor,0.9277909,0.34509224,0.14182805,-0.34714538,0.937749,-0.010798908,-0.1367259,-0.03921587,0.98983234,-0.1744407,-0.026188856,0.0050362013
1735192913.389017,handAnchor,0.50587106,0.049084235,0.86121136,0.31824538,0.91732997,-0.23921831,-0.801757,0.39509016,0.4484299,0.13910873,0.59710073,-0.24030288
1735192913.389017,indexFingerTipParent,1.0,2.95591e-08,-2.7931229e-08,-7.13681e-08,0.9999999,3.524045e-11,2.377783e-08,-4.31246e-08,0.9999999,-0.022141255,-4.0320294e-05,-0.0007242474
1735192913.389017,indexFingerTipAnchor,0.9274351,0.3458376,0.14233771,-0.34789762,0.9374684,-0.010955648,-0.137226,-0.03935829,0.9897572,-0.174473,-0.02619754,0.005008951
1735192913.400134,handAnchor,0.5055511,0.05013045,0.86133915,0.31740284,0.9174979,-0.2396941,-0.8022928,0.3945691,0.44793049,0.13909301,0.5971019,-0.24036193
1735192913.400134,indexFingerTipParent,0.9999999,3.0540143e-08,5.8382284e-08,3.5825042e-08,0.99999994,-3.639434e-08,-1.1369516e-07,4.5425864e-08,1.0,-0.022162262,-3.978744e-05,-0.00072427676
1735192913.400134,indexFingerTipAnchor,0.9275427,0.34543124,0.142624,-0.34740996,0.9376416,-0.011590995,-0.13773413,-0.038797844,0.989709,-0.17457974,-0.026137978,0.0050016176
1735192913.4111772,handAnchor,0.5050152,0.052012376,0.8615419,0.31623834,0.91761845,-0.24076912,-0.8030898,0.3940446,0.44696283,0.13908361,0.59710234,-0.24044256
1735192913.4111772,indexFingerTipParent,0.9999999,2.1397246e-10,5.8098323e-08,-3.1322664e-09,0.9999998,-5.4551684e-08,-3.58048e-08,6.192225e-08,1.0,-0.022191932,-3.9333157e-05,-0.00072455924
1735192913.4111772,indexFingerTipAnchor,0.9280929,0.3439217,0.1426927,-0.34573868,0.9382455,-0.012652054,-0.13823217,-0.03759211,0.9896862,-0.17475767,-0.026014458,0.0050144894
1735192913.42239,handAnchor,0.5049625,0.052250404,0.8615585,0.31633234,0.9175131,-0.24104735,-0.803086,0.39425862,0.4467811,0.13910548,0.597087,-0.2404623
1735192913.42239,indexFingerTipParent,1.0000002,1.2700675e-08,-7.430194e-08,-9.19338e-08,1.0000002,-4.241484e-08,9.797038e-08,5.0243084e-08,1.0000002,-0.022189133,-3.8816666e-05,-0.0007242828
1735192913.42239,indexFingerTipAnchor,0.9281915,0.34356514,0.14291228,-0.3452209,0.9384196,-0.013834692,-0.13886476,-0.036495056,0.98963875,-0.17474361,-0.025968423,0.0050183944
1735192913.433507,handAnchor,0.50508124,0.052014392,0.86150295,0.31693447,0.9172668,-0.24119325,-0.8027735,0.39486217,0.4468091,0.13914694,0.597063,-0.24045992
1735192913.433507,indexFingerTipParent,1.0000001,1.4735647e-08,-8.696952e-08,-9.017474e-09,0.99999994,-1.7955244e-08,1.1008524e-07,3.0575393e-08,1.0,-0.022173058,-3.7673337e-05,-0.00072383764
1735192913.433507,indexFingerTipAnchor,0.92824924,0.34332126,0.143123,-0.34477484,0.9385606,-0.015307465,-0.13958502,-0.03513604,0.98958653,-0.17466137,-0.025931584,0.0050243847
1735192913.466368,handAnchor,0.505348,0.051341657,0.861387,0.31802374,0.9168818,-0.24122366,-0.8021748,0.39584342,0.44701657,0.1392075,0.5970305,-0.24043669
1735192913.466368,indexFingerTipParent,1.0,8.766957e-08,1.3989345e-08,-6.530195e-08,1.0,-5.0008147e-08,-7.912253e-08,7.582621e-08,0.99999994,-0.02214442,-3.628148e-05,-0.0007231785
1735192913.466368,indexFingerTipAnchor,0.92828876,0.34313586,0.14330979,-0.34434667,0.9386873,-0.017055826,-0.14037552,-0.033515505,0.9895308,-0.1745152,-0.025902992,0.005034987
1735192913.4666371,handAnchor,0.5055806,0.050829448,0.8612811,0.318447,0.9167842,-0.24103658,-0.8018605,0.39613566,0.44732168,0.1392383,0.5969928,-0.24045047
1735192913.4666371,indexFingerTipParent,0.99999994,1.535774e-08,-2.0233517e-07,-4.4461203e-08,1.0,9.7908256e-08,9.932766e-08,-4.1305167e-08,0.9999999,-0.022134513,-3.6347075e-05,-0.000722764
1735192913.4666371,indexFingerTipAnchor,0.9280811,0.34352267,0.14372706,-0.34475094,0.938539,-0.017064294,-0.14075544,-0.033712976,0.9894701,-0.17444554,-0.025902934,0.0050052553
1735192913.4668012,handAnchor,0.505871,0.050200306,0.8611473,0.3187429,0.9167737,-0.2406849,-0.80155957,0.39624003,0.4477682,0.13926232,0.59694827,-0.24047415
1735192913.4668012,indexFingerTipParent,0.9999999,4.448796e-08,-1.1530574e-07,-8.074695e-08,1.0,7.64735e-08,1.2598427e-07,-6.422654e-08,0.99999994,-0.022128582,-3.655909e-05,-0.00072247366
1735192913.4668012,indexFingerTipAnchor,0.927727,0.34425485,0.14425841,-0.3456204,0.93823266,-0.01628869,-0.14095552,-0.034747187,0.9894058,-0.17438653,-0.025920762,0.0049552014
1735192913.477868,handAnchor,0.5062174,0.04944268,0.86098754,0.31893274,0.9168435,-0.24016666,-0.80126524,0.39617357,0.4483533,0.13928027,0.596897,-0.2405067
1735192913.477868,indexFingerTipParent,0.99999994,1.3313468e-07,-2.4505334e-07,-1.2265343e-07,0.9999998,1.1576503e-08,1.9792469e-07,1.3244517e-08,1.0,-0.022126108,-3.7381054e-05,-0.00072222773
1735192913.477868,indexFingerTipAnchor,0.92723423,0.34531382,0.14489625,-0.34693268,0.93777376,-0.014757721,-0.14097606,-0.03658536,0.9893368,-0.17433584,-0.025956942,0.0048862547
1735192913.489048,handAnchor,0.5056056,0.049343813,0.86135244,0.3189043,0.9169692,-0.23972368,-0.8016625,0.39589465,0.44788882,0.13926601,0.596924,-0.24047042
1735192913.489048,indexFingerTipParent,0.99999976,6.064803e-08,-2.87082e-07,-6.535757e-08,0.99999976,8.668803e-08,2.2834836e-07,-8.285922e-08,0.9999997,-0.022124268,-3.7697035e-05,-0.00072205614
1735192913.489048,indexFingerTipAnchor,0.92705286,0.34609878,0.14418226,-0.3478232,0.93745714,-0.013886989,-0.13997102,-0.037276004,0.98945343,-0.17428403,-0.025998522,0.0049921256
1735192913.500155,handAnchor,0.50451547,0.049538337,0.86198026,0.31870225,0.91716427,-0.23924561,-0.80242944,0.39541817,0.44693562,0.13923174,0.5969894,-0.24040185
1735192913.500155,indexFingerTipParent,1.0,7.420868e-08,-2.30677e-07,-6.256219e-08,0.99999994,4.02055e-08,2.3889788e-07,-1.5696742e-08,0.9999999,-0.022124443,-3.8047256e-05,-0.0007220418
1735192913.500155,indexFingerTipAnchor,0.926973,0.3468852,0.14280006,-0.3486881,0.9371486,-0.013014275,-0.13833927,-0.037728753,0.9896659,-0.17423543,-0.026050435,0.005181377
1735192913.511312,handAnchor,0.5029597,0.050008718,0.86286193,0.31833357,0.9174276,-0.23872693,-0.8035517,0.39474797,0.44550967,0.13917798,0.5970916,-0.24030225
1735192913.511312,indexFingerTipParent,1.0,1.565426e-08,1.5308993e-08,-3.4299499e-09,0.99999994,-9.7701395e-08,-3.4413056e-08,7.037604e-08,0.9999998,-0.022126595,-3.835737e-05,-0.0007221062
1735192913.511312,indexFingerTipAnchor,0.9269823,0.34768683,0.14077513,-0.34954542,0.9368409,-0.012110743,-0.13609481,-0.037980907,0.98996717,-0.1741899,-0.026113536,0.0054510087
1735192913.525488,handAnchor,0.5024911,0.050703708,0.8630943,0.31835276,0.9172894,-0.23923162,-0.80383724,0.3949802,0.44478807,0.13918988,0.59708667,-0.24028563
1735192913.525488,indexFingerTipParent,1.0000002,-6.0283796e-08,8.587085e-08,-8.787971e-09,1.0000002,-2.497336e-08,-8.703241e-09,4.2714476e-08,1.0000002,-0.02213311,-3.715441e-05,-0.00072243717
1735192913.525488,indexFingerTipAnchor,0.92711735,0.34769008,0.13987733,-0.34942126,0.93687844,-0.0127899125,-0.13549493,-0.037018348,0.9900864,-0.17422532,-0.026101202,0.0055417065
1735192913.533448,handAnchor,0.50239015,0.05165733,0.86309654,0.31848088,0.9169753,-0.24026303,-0.8038496,0.39558548,0.44422746,0.13922751,0.5970422,-0.24029846
1735192913.533448,indexFingerTipParent,1.0000001,-7.3476656e-08,1.00655306e-07,6.839356e-08,1.0000001,-2.2185775e-08,-8.97305e-08,5.2414326e-09,1.0000001,-0.022142978,-3.5274763e-05,-0.0007232685
1735192913.533448,indexFingerTipAnchor,0.92736876,0.3472641,0.13926557,-0.34875998,0.93710274,-0.014311125,-0.13547589,-0.03529855,0.99015164,-0.17430554,-0.026051894,0.0055747936
1735192913.544536,handAnchor,0.502625,0.052862614,0.8628867,0.31872293,0.9164869,-0.2418,-0.80360657,0.3965565,0.44380072,0.13928935,0.59696066,-0.24033885
1735192913.544536,indexFingerTipParent,0.99999994,-2.8622782e-08,-2.844903e-08,9.2009024e-08,1.0,-2.5968841e-08,4.3983093e-09,2.8559258e-08,1.0,-0.022155985,-3.2617765e-05,-0.00072434836
1735192913.544536,indexFingerTipAnchor,0.92773193,0.34643233,0.1389169,-0.34758863,0.9374998,-0.01663607,-0.13599786,-0.032852184,0.99016446,-0.17442925,-0.025968565,0.0055549107
1735192913.555815,handAnchor,0.502766,0.053609654,0.8627586,0.31866446,0.9162867,-0.242635,-0.80354184,0.3969191,0.44359428,0.13931419,0.5969445,-0.24033678
1735192913.555815,indexFingerTipParent,1.0000001,-1.4848743e-07,1.2918044e-07,8.3443915e-08,1.0,-4.0111583e-08,-7.289117e-08,1.5665353e-08,0.9999999,-0.02216604,-3.3465887e-05,-0.0007248011
1735192913.555815,indexFingerTipAnchor,0.9283502,0.34507108,0.13817395,-0.34620726,0.93801296,-0.016497917,-0.13530186,-0.032521047,0.99027044,-0.17447817,-0.025864856,0.0055916207
1735192913.566824,handAnchor,0.50301224,0.054235015,0.8625759,0.31849104,0.9161618,-0.2433327,-0.8034563,0.39712203,0.44356728,0.13933057,0.5969461,-0.24032491
1735192913.566824,indexFingerTipParent,1.0000001,-2.9677324e-10,-7.294494e-08,7.1271444e-08,1.0000001,1.7734433e-08,1.4773104e-07,-1.7324055e-08,1.0,-0.022175897,-3.5233435e-05,-0.00072590256
1735192913.566824,indexFingerTipAnchor,0.92915124,0.34325904,0.13729937,-0.3444941,0.9386618,-0.015418435,-0.13417009,-0.032972742,0.9904096,-0.17450725,-0.025733585,0.0056346813
1735192913.577924,handAnchor,0.5033718,0.05474661,0.86233383,0.3182143,0.9161041,-0.24391207,-0.8033409,0.3971854,0.44371983,0.13933945,0.59696376,-0.24030435
1735192913.577924,indexFingerTipParent,0.9999998,2.991488e-08,-1.4425403e-07,-2.3656922e-08,0.9999999,3.829349e-09,1.01275e-07,-3.2124536e-08,0.9999998,-0.02218593,-3.834135e-05,-0.0007271082
1735192913.577924,indexFingerTipAnchor,0.9301324,0.340979,0.13633393,-0.34242302,0.93944967,-0.01345149,-0.13266562,-0.0341722,0.99057144,-0.17451859,-0.025575165,0.005681648
1735192913.589054,handAnchor,0.503379,0.054886315,0.8623208,0.31831,0.91601616,-0.24411717,-0.8032984,0.39736876,0.44363245,0.1393574,0.59693766,-0.24030162
1735192913.589054,indexFingerTipParent,0.99999976,-2.8717716e-08,1.6518433e-08,5.1268422e-08,0.9999996,4.335629e-08,-4.4382006e-08,-7.007494e-09,0.99999976,-0.022179453,-3.8411505e-05,-0.00072729227
1735192913.589054,indexFingerTipAnchor,0.9303269,0.340842,0.13534553,-0.34229922,0.9394993,-0.013083855,-0.13161674,-0.034156386,0.99071175,-0.17450562,-0.02554397,0.005751592
1735192913.600133,handAnchor,0.5032715,0.05478715,0.8623897,0.31853297,0.9159489,-0.24407853,-0.8032773,0.39753735,0.4435195,0.13937593,0.5968984,-0.24030311
1735192913.600133,indexFingerTipParent,1.0000001,-1.5640993e-09,-2.0360244e-07,6.254593e-08,1.0000001,7.931973e-08,1.67571e-07,-8.05097e-08,1.0000001,-0.022164932,-3.7811064e-05,-0.00072744506
1735192913.600133,indexFingerTipAnchor,0.9302375,0.34150818,0.13427827,-0.34293863,0.9392672,-0.013055121,-0.13058153,-0.033904888,0.9908578,-0.17447203,-0.02556102,0.005834909
1735192913.611215,handAnchor,0.50304663,0.054447055,0.8625424,0.31888738,0.915901,-0.24379472,-0.80327755,0.39769405,0.4433785,0.13939516,0.5968455,-0.24030904
1735192913.611215,indexFingerTipParent,1.0,1.4369342e-08,-1.4545019e-07,-2.989987e-08,1.0,5.0964182e-08,1.7437958e-07,-3.97544e-08,1.0,-0.022142302,-3.6375743e-05,-0.00072719547
1735192913.611215,indexFingerTipAnchor,0.929852,0.34299812,0.13314825,-0.34436303,0.93874186,-0.013368999,-0.12957741,-0.033420127,0.99100626,-0.17441742,-0.025627302,0.0059316773
1735192913.6223822,handAnchor,0.50296026,0.053605307,0.8626458,0.31945866,0.915868,-0.24317092,-0.80310476,0.39788488,0.4435205,0.13941018,0.5968256,-0.24027137
1735192913.6223822,indexFingerTipParent,1.0,1.1832021e-07,-3.183377e-07,-7.4764536e-08,1.0,8.730967e-08,3.3223384e-07,-9.66785e-08,0.99999994,-0.022138258,-3.6688045e-05,-0.0007273813
1735192913.6223822,indexFingerTipAnchor,0.9295554,0.34390283,0.1328806,-0.34534502,0.9383886,-0.012771877,-0.129086,-0.034017485,0.99104947,-0.17438419,-0.025748406,0.005952591
1735192913.63339,handAnchor,0.5028813,0.05239518,0.8627661,0.32020494,0.91584957,-0.24225709,-0.8028569,0.39808843,0.4437864,0.13942349,0.5968149,-0.24021466
1735192913.63339,indexFingerTipParent,1.0000001,4.376575e-08,-5.8553923e-08,-4.4965443e-08,1.0,3.7502077e-09,-1.41996805e-08,8.827008e-09,1.0000001,-0.022139188,-3.7350772e-05,-0.00072744844
1735192913.63339,indexFingerTipAnchor,0.9291513,0.34494328,0.13301064,-0.34651208,0.9379698,-0.011910487,-0.1288684,-0.035023116,0.99104303,-0.17435083,-0.025921341,0.0059431344
1735192913.6444821,handAnchor,0.50281,0.050814014,0.8629023,0.3211258,0.9158455,-0.24105056,-0.8025338,0.39830273,0.4441786,0.13943502,0.59681356,-0.24013858
1735192913.6444821,indexFingerTipParent,1.0000001,5.898552e-08,4.326869e-08,-4.465032e-08,1.0000001,-2.514566e-08,2.3496696e-08,5.5825097e-08,1.0000001,-0.022145147,-3.8419374e-05,-0.00072755764
1735192913.6444821,indexFingerTipAnchor,0.9286415,0.34611,0.13353707,-0.34785685,0.9374853,-0.0107742185,-0.12891816,-0.036446385,0.9909849,-0.17431721,-0.026146345,0.00590292
1735192913.6571798,handAnchor,0.5027762,0.050291006,0.8629524,0.32108936,0.91601413,-0.24045748,-0.80256945,0.3979811,0.44440216,0.13945651,0.5967647,-0.24014089
1735192913.6571798,indexFingerTipParent,1.0000001,-7.488972e-08,2.0175021e-07,-5.925374e-09,1.0,-5.7942827e-08,-2.298484e-07,7.9702225e-08,1.0000001,-0.022140315,-3.887784e-05,-0.0007274371
1735192913.6571798,indexFingerTipAnchor,0.928378,0.34692237,0.13326405,-0.3487438,0.9371627,-0.010180577,-0.12842187,-0.03702357,0.9910284,-0.17430548,-0.026226284,0.005902645
1735192913.666817,handAnchor,0.5027723,0.050094467,0.8629662,0.3206743,0.916275,-0.2400169,-0.8027379,0.3974049,0.44461364,0.13948189,0.5966975,-0.2401716
1735192913.666817,indexFingerTipParent,1.0000002,-8.987596e-08,3.0288325e-07,6.51771e-08,1.0000002,-5.4207543e-08,-3.1122846e-07,4.9694165e-08,1.0000002,-0.022132915,-3.9327173e-05,-0.00072731584
1735192913.666817,indexFingerTipAnchor,0.92818135,0.3476233,0.1328054,-0.3494947,0.936888,-0.009710697,-0.12779953,-0.037401456,0.9910944,-0.17430456,-0.026261758,0.0059048953
1735192913.677895,handAnchor,0.50279295,0.050233923,0.8629459,0.31987354,0.9166292,-0.23973231,-0.80304426,0.39656934,0.44480622,0.13951135,0.5966115,-0.24023132
1735192913.677895,indexFingerTipParent,1.0000004,-1.1942747e-07,1.8718174e-07,1.6651452e-07,1.0000001,2.8806083e-08,-9.088318e-08,1.471555e-08,1.0000004,-0.022122758,-3.9722996e-05,-0.0007270583
1735192913.677895,indexFingerTipAnchor,0.92805415,0.34821233,0.13215198,-0.35010815,0.93666273,-0.009368889,-0.12704413,-0.03757263,0.99118555,-0.17431459,-0.026251676,0.0059111267
1735192913.689053,handAnchor,0.50247383,0.050897475,0.8630928,0.3195932,0.9166268,-0.24011455,-0.8033555,0.39648998,0.4443146,0.13945492,0.5967417,-0.24014136
1735192913.689053,indexFingerTipParent,1.0000004,-1.9341414e-07,2.0130953e-07,2.088201e-07,1.0000002,3.226795e-08,-1.4122071e-07,-1.4500455e-08,1.0000004,-0.022129284,-3.781042e-05,-0.0007266511
1735192913.689053,indexFingerTipAnchor,0.92785823,0.34876862,0.13206083,-0.35049224,0.93650436,-0.010723653,-0.12741557,-0.036336273,0.99118364,-0.17435825,-0.026256036,0.0058930498
1735192913.7001839,handAnchor,0.50201124,0.05199244,0.86329687,0.31936836,0.91649646,-0.24091062,-0.80373406,0.39664957,0.44348687,0.13935852,0.59696794,-0.23999304
1735192913.7001839,indexFingerTipParent,0.9999999,-8.8193e-08,1.4549583e-07,1.6455736e-07,0.99999994,-7.686233e-08,-1.4878009e-07,5.8510254e-09,0.9999999,-0.022142814,-3.474316e-05,-0.00072670303
1735192913.7001839,indexFingerTipAnchor,0.9276668,0.34924978,0.13213038,-0.35068917,0.9364018,-0.012982846,-0.12826157,-0.03429299,0.9911471,-0.17442465,-0.026242808,0.0058633396
1735192913.711226,handAnchor,0.50139505,0.053516474,0.8635618,0.31920722,0.9162348,-0.2421165,-0.80418265,0.39705113,0.44231278,0.13922171,0.5972916,-0.23978536
1735192913.711226,indexFingerTipParent,0.9999998,1.2627026e-09,-4.3037325e-08,5.0303097e-08,0.9999999,-5.099495e-08,3.47712e-08,3.3272418e-08,0.99999994,-0.022163304,-3.0292169e-05,-0.0007267903
1735192913.711226,indexFingerTipAnchor,0.9274772,0.3496613,0.1323734,-0.350701,0.936348,-0.01614727,-0.12959367,-0.031447243,0.9910683,-0.17451383,-0.026213106,0.0058231335
1735192913.722365,handAnchor,0.5013265,0.053859405,0.8635801,0.3192915,0.91610634,-0.2424908,-0.80419177,0.39730093,0.44207165,0.13919982,0.5973501,-0.23975462
1735192913.722365,indexFingerTipParent,1.0,-8.829955e-08,7.229064e-08,1.4869153e-07,1.0,2.0895488e-08,-6.7542514e-09,-4.3232017e-08,1.0,-0.022166662,-2.919761e-05,-0.00072693126
1735192913.722365,indexFingerTipAnchor,0.9273376,0.35003293,0.13237153,-0.35102984,0.9362192,-0.016501565,-0.12970467,-0.031163763,0.991063,-0.17452218,-0.026201973,0.0058180243
1735192913.733489,handAnchor,0.5014529,0.05384909,0.86350757,0.31952316,0.91597736,-0.24267344,-0.80402106,0.3976,0.44211358,0.13921332,0.59732914,-0.2397798
1735192913.733489,indexFingerTipParent,0.9999998,-1.3131859e-07,5.9400726e-08,1.1160292e-07,0.9999997,-1.8852992e-08,-1.5287607e-07,-2.5227612e-08,0.9999999,-0.022165043,-2.9064693e-05,-0.00072701817
1735192913.733489,indexFingerTipAnchor,0.927222,0.3503473,0.13234624,-0.3514186,0.9360823,-0.015949616,-0.12947507,-0.03172011,0.99107504,-0.17450246,-0.026190614,0.0058238963
1735192913.74452,handAnchor,0.5017741,0.05347243,0.8633442,0.31990647,0.91584873,-0.24265346,-0.8036681,0.39794666,0.44244313,0.13926321,0.59722614,-0.23986249
1735192913.74452,indexFingerTipParent,1.0000001,-1.6235886e-07,8.7049145e-08,1.435104e-07,1.0,3.9153306e-08,-1.226246e-07,-1.6700728e-08,0.99999994,-0.022158505,-3.0039037e-05,-0.0007271796
1735192913.74452,indexFingerTipAnchor,0.9271327,0.3506058,0.13228992,-0.3518708,0.93593675,-0.014467347,-0.12888734,-0.033135746,0.99110544,-0.17445421,-0.02618003,0.0058415756
1735192913.7557049,handAnchor,0.5019148,0.052918557,0.8632966,0.32050028,0.9156906,-0.24246693,-0.8033437,0.3983846,0.44263834,0.1392819,0.5972354,-0.23986174
1735192913.7557049,indexFingerTipParent,1.0,-1.7676014e-07,-4.3779693e-08,8.370195e-08,1.0000001,6.846505e-08,1.2099662e-07,-9.044542e-08,1.0000001,-0.022153681,-2.9803981e-05,-0.0007268327
1735192913.7557049,indexFingerTipAnchor,0.92678857,0.35131833,0.13280997,-0.3526651,0.9356445,-0.014028349,-0.12919137,-0.033836138,0.99104214,-0.1744272,-0.026262749,0.005797554
1735192913.767694,handAnchor,0.502067,0.052090548,0.8632586,0.32127172,0.915519,-0.24209405,-0.8029405,0.39888793,0.44291663,0.13930386,0.59725755,-0.2398497
1735192913.767694,indexFingerTipParent,1.0,-2.9977116e-08,-8.74386e-08,8.700645e-08,1.0000001,1.1192988e-07,1.2117167e-07,-7.769272e-08,1.0000001,-0.022147115,-2.948397e-05,-0.0007262987
1735192913.767694,indexFingerTipAnchor,0.92632973,0.35222787,0.13359782,-0.3536634,0.93527323,-0.013626452,-0.12975007,-0.034626044,0.9909418,-0.1743959,-0.026391339,0.005729208
1735192913.778209,handAnchor,0.5022273,0.050989818,0.8632309,0.32222292,0.91533184,-0.24153644,-0.8024587,0.399459,0.44327462,0.13932881,0.5972939,-0.2398254
1735192913.778209,indexFingerTipParent,1.0000001,7.2314975e-08,-2.3231837e-07,-1.0140131e-07,1.0000001,7.711095e-08,3.4408177e-07,-1.0239123e-07,1.0000001,-0.022138871,-2.9114017e-05,-0.0007255367
1735192913.778209,indexFingerTipAnchor,0.9257557,0.35333315,0.13465673,-0.35486385,0.9348239,-0.013272269,-0.13056974,-0.0354979,0.9908035,-0.1743605,-0.026566371,0.0056361547
1735192913.789291,handAnchor,0.50217706,0.051116433,0.86325276,0.32228896,0.91527075,-0.24168067,-0.80246377,0.3995833,0.4431537,0.13934821,0.5973078,-0.23982789
1735192913.789291,indexFingerTipParent,1.0,5.9742e-08,4.4179465e-08,-9.804274e-08,1.0,-4.293428e-08,7.1129676e-08,6.718221e-08,0.9999999,-0.022150967,-2.9300987e-05,-0.00072560005
