time,type,0x,0y,0z,1x,1y,1z,2x,2y,2z,3x,3y,3z
1735196736.497258,contentEntity,1.0,0.0,0.0,0.0,1.0,0.0,0.0,0.0,1.0,0.0,0.0,0.0
1735196736.497258,handAnchor,0.04051763,-0.7151519,0.6977935,0.5659001,0.59198684,0.5738541,-0.8234776,0.3716303,0.42869055,0.18005928,0.7423248,-0.32435742
1735196736.497258,indexFingerTipParent,0.99999994,3.8535752e-10,8.049785e-09,-8.424635e-09,0.99999994,-1.15600916e-08,2.3015474e-09,1.6680616e-08,0.99999994,-0.021807104,0.0004537739,-0.0007342994
1735196736.497258,indexFingerTipAnchor,0.3463655,0.92702204,0.14373943,-0.93137264,0.35813788,-0.06543975,-0.112142645,-0.11120893,0.98744947,-0.14242445,-0.068830736,0.003833036
1735196736.530685,contentEntity,1.0,0.0,0.0,0.0,1.0,0.0,0.0,0.0,1.0,0.0,0.0,0.0
1735196736.530685,handAnchor,0.038909227,-0.7097369,0.70339143,0.56807035,0.5948177,0.56876,-0.8220597,0.37744582,0.42632446,0.17998058,0.7426149,-0.32380044
1735196736.530685,indexFingerTipParent,1.0,-6.3962595e-09,-8.579633e-09,8.504902e-09,1.0,5.431131e-09,1.5718157e-08,2.2156641e-08,0.99999994,-0.021593094,0.00046280771,-0.0007368326
1735196736.530685,indexFingerTipAnchor,0.3428389,0.9303991,0.1296878,-0.93323225,0.35311523,-0.06623404,-0.107418805,-0.098321155,0.9893401,-0.14239043,-0.067806534,0.0047863964
1735196736.5525498,contentEntity,1.0,0.0,0.0,0.0,1.0,0.0,0.0,0.0,1.0,0.0,0.0,0.0
1735196736.5525498,handAnchor,0.043126017,-0.71239185,0.7004556,0.565261,0.59549814,0.5708434,-0.8237841,0.37132207,0.4283687,0.18021318,0.74245954,-0.3238086
1735196736.5525498,indexFingerTipParent,1.0,-1.8218458e-08,2.7735734e-08,-1.8911184e-09,1.0,-9.797162e-09,1.9178664e-08,1.4532446e-09,1.0000001,-0.021417975,0.00045603514,-0.000731349
1735196736.5525498,indexFingerTipAnchor,0.33388168,0.93323976,0.13261284,-0.9371039,0.34381852,-0.06020215,-0.1017778,-0.10417157,0.98933774,-0.14174813,-0.06733757,0.004547121
1735196736.585937,contentEntity,1.0,0.0,0.0,0.0,1.0,0.0,0.0,0.0,1.0,0.0,0.0,0.0
1735196736.585937,handAnchor,0.04173891,-0.7084289,0.70454675,0.5689329,0.5965231,0.5661054,-0.82132393,0.37721115,0.42794687,0.18032312,0.74226975,-0.3235007
1735196736.585937,indexFingerTipParent,1.0,7.1449255e-09,-5.892025e-08,1.0065727e-08,1.0,9.5093515e-09,2.5615332e-09,-1.8005992e-09,1.0,-0.02147004,0.00047566742,-0.0007265508
1735196736.585937,indexFingerTipAnchor,0.33488718,0.93291354,0.13237494,-0.93499017,0.34642392,-0.07605258,-0.1168084,-0.09830022,0.9882778,-0.1423485,-0.06690552,0.0045669647
1735196736.619399,contentEntity,1.0,0.0,0.0,0.0,1.0,0.0,0.0,0.0,1.0,0.0,0.0,0.0
1735196736.619399,handAnchor,0.040105272,-0.7058844,0.70719063,0.567862,0.5984526,0.56514317,-0.82214594,0.37892148,0.42484608,0.18040761,0.74189746,-0.32357448
1735196736.619399,indexFingerTipParent,0.99999994,-1.1799706e-08,-1.1680928e-08,-1.0404936e-08,0.99999994,8.627035e-09,5.16955e-09,6.5348793e-09,1.0,-0.02146095,0.00046688318,-0.0007313788
1735196736.619399,indexFingerTipAnchor,0.34002548,0.9313865,0.13000673,-0.93430036,0.35031113,-0.06606632,-0.10707606,-0.099001125,0.9893098,-0.14261046,-0.06632824,0.0049337577
1735196736.6525831,contentEntity,1.0,0.0,0.0,0.0,1.0,0.0,0.0,0.0,1.0,0.0,0.0,0.0
1735196736.6525831,handAnchor,0.039235953,-0.70542127,0.70770115,0.5719659,0.5965959,0.56296337,-0.81933814,0.38269255,0.426885,0.1804931,0.7418316,-0.32333753
1735196736.6525831,indexFingerTipParent,1.0000001,1.0278515e-08,-7.824337e-10,4.751044e-10,1.0000001,2.3163818e-09,9.460802e-09,-2.8133744e-08,1.0000001,-0.021550745,0.00046286732,-0.00074115396
1735196736.6525831,indexFingerTipAnchor,0.34598315,0.92923844,0.1296618,-0.9322393,0.3560775,-0.06433471,-0.10595186,-0.098616965,0.9894692,-0.14275219,-0.06654447,0.004893017
1735196736.685951,contentEntity,1.0,0.0,0.0,0.0,1.0,0.0,0.0,0.0,1.0,0.0,0.0,0.0
1735196736.685951,handAnchor,0.04031257,-0.70507807,0.7079829,0.57429564,0.5961781,0.5610314,-0.8176548,0.38397482,0.42895675,0.18053901,0.7418181,-0.32319131
1735196736.685951,indexFingerTipParent,1.0000001,3.3092116e-09,-3.69419e-08,-6.8167916e-09,1.0,1.0684024e-08,-1.2838939e-09,-9.271282e-09,1.0000001,-0.021671414,0.0004710704,-0.00073701143
1735196736.685951,indexFingerTipAnchor,0.34585142,0.92807543,0.13806896,-0.9310521,0.35768908,-0.07211463,-0.1163138,-0.10360851,0.98779386,-0.1428619,-0.06699526,0.004168324
1735196736.7304192,contentEntity,1.0,0.0,0.0,0.0,1.0,0.0,0.0,0.0,1.0,0.0,0.0,0.0
1735196736.7304192,handAnchor,0.04087123,-0.7065317,0.7065002,0.57612884,0.59437144,0.5610687,-0.81633615,0.38410348,0.431346,0.18058047,0.7416991,-0.32325804
1735196736.7304192,indexFingerTipParent,1.0,-8.795908e-09,4.5632262e-09,-2.5105116e-08,1.0,1.0559008e-08,-2.5239096e-08,-6.443912e-09,1.0,-0.021716028,0.00047320127,-0.00074243546
1735196736.7304192,indexFingerTipAnchor,0.33824253,0.9308961,0.1379299,-0.9343472,0.34967738,-0.06871178,-0.11219462,-0.10563321,0.98805577,-0.14265767,-0.067538895,0.0039593475
1735196736.752568,contentEntity,1.0,0.0,0.0,0.0,1.0,0.0,0.0,0.0,1.0,0.0,0.0,0.0
1735196736.752568,handAnchor,0.03706387,-0.7058555,0.70738536,0.57838404,0.59240925,0.5608233,-0.8149221,0.38835418,0.43021265,0.18053813,0.74139893,-0.32345095
1735196736.752568,indexFingerTipParent,1.0,-9.679289e-09,-1.2798905e-08,-8.0138545e-09,1.0,1.0068376e-08,-5.643688e-09,-4.6520845e-09,1.0,-0.021703273,0.00047461689,-0.00074607134
1735196736.752568,indexFingerTipAnchor,0.33765987,0.93169004,0.13393739,-0.93475497,0.34862193,-0.06852605,-0.11053875,-0.10206026,0.98861754,-0.14269283,-0.067709215,0.004327341
1735196736.7972798,contentEntity,1.0,0.0,0.0,0.0,1.0,0.0,0.0,0.0,1.0,0.0,0.0,0.0
1735196736.7972798,handAnchor,0.03589134,-0.71136016,0.70191044,0.58453894,0.5846259,0.5626069,-0.8105713,0.39010137,0.43680075,0.18027799,0.7413595,-0.32342345
1735196736.7972798,indexFingerTipParent,1.0,-2.1634516e-10,-2.4875034e-08,-1.3744897e-08,1.0,8.111917e-09,-2.7620253e-08,-3.652696e-09,1.0,-0.021777302,0.0004691854,-0.0007458031
1735196736.7972798,indexFingerTipAnchor,0.33935693,0.92911667,0.14689746,-0.9331205,0.352237,-0.0722156,-0.11883956,-0.11256616,0.98651195,-0.14241612,-0.068618745,0.0032083737
1735196736.830528,contentEntity,1.0,0.0,0.0,0.0,1.0,0.0,0.0,0.0,1.0,0.0,0.0,0.0
1735196736.830528,handAnchor,0.0338355,-0.7076089,0.70579356,0.58377355,0.5871967,0.5607211,-0.81121105,0.39305133,0.43295145,0.1798218,0.74199706,-0.3227607
1735196736.830528,indexFingerTipParent,1.0,-1.2540349e-08,3.1884227e-08,-2.6517583e-08,1.0,-2.0238843e-08,-1.9452308e-08,-7.4047097e-09,1.0,-0.021775603,0.00046711415,-0.0007452369
1735196736.830528,indexFingerTipAnchor,0.34539837,0.927103,0.14553373,-0.9311686,0.35785913,-0.06972857,-0.11672619,-0.11143224,0.98689294,-0.14259452,-0.06861483,0.0033512497
1735196736.852614,contentEntity,1.0,0.0,0.0,0.0,1.0,0.0,0.0,0.0,1.0,0.0,0.0,0.0
1735196736.852614,handAnchor,0.03184991,-0.7058266,0.7076683,0.5874983,0.5860212,0.5580546,-0.8085985,0.39797992,0.43333662,0.17964178,0.74203247,-0.3225712
1735196736.852614,indexFingerTipParent,0.9999999,-4.9133746e-09,6.8000716e-10,1.9865098e-08,0.99999994,-9.768433e-09,3.2753576e-08,3.3473555e-08,0.99999994,-0.021781534,0.00046939403,-0.000749588
1735196736.852614,indexFingerTipAnchor,0.34654236,0.9269461,0.14380221,-0.9308673,0.3587438,-0.06920008,-0.11573306,-0.10988012,0.98718387,-0.14269085,-0.06855808,0.0035338653
1735196736.897066,contentEntity,1.0,0.0,0.0,0.0,1.0,0.0,0.0,0.0,1.0,0.0,0.0,0.0
1735196736.897066,handAnchor,0.03229076,-0.70898217,0.7044867,0.58683586,0.58401704,0.5608457,-0.8090617,0.39530787,0.43491447,0.17955235,0.74200577,-0.32269025
1735196736.897066,indexFingerTipParent,0.99999994,3.9754937e-09,8.858365e-09,-2.6245374e-08,0.99999994,-1.9787194e-10,4.8956146e-09,-1.7024384e-08,0.99999994,-0.02173841,0.00045969337,-0.00075802207
1735196736.897066,indexFingerTipAnchor,0.33950552,0.93022925,0.13931742,-0.9349375,0.34997168,-0.05840869,-0.10309067,-0.110422984,0.98852354,-0.1423104,-0.06869032,0.003785817
1735196736.919234,contentEntity,1.0,0.0,0.0,0.0,1.0,0.0,0.0,0.0,1.0,0.0,0.0,0.0
1735196736.919234,handAnchor,0.035551164,-0.7145685,0.6986615,0.58987427,0.5793359,0.5625106,-0.8067122,0.39212447,0.44210175,0.17967303,0.74174,-0.32314488
1735196736.919234,indexFingerTipParent,0.99999994,3.1664122e-08,5.7509055e-09,2.776389e-09,1.0,-1.0679912e-08,1.6612915e-09,5.933471e-08,1.0,-0.021618456,0.00044998527,-0.0007545948
1735196736.919234,indexFingerTipAnchor,0.33456892,0.9320669,0.13897778,-0.9366192,0.34516042,-0.06007454,-0.10396333,-0.11007015,0.98847157,-0.14177921,-0.06877161,0.0035508452
1735196736.963839,contentEntity,1.0,0.0,0.0,0.0,1.0,0.0,0.0,0.0,1.0,0.0,0.0,0.0
1735196736.963839,handAnchor,0.035825882,-0.71198493,0.70128,0.5889046,0.5819877,0.5607865,-0.80740786,0.3928964,0.4401415,0.17973626,0.74175036,-0.323084
1735196736.963839,indexFingerTipParent,0.99999994,1.7735378e-08,1.4638282e-09,2.8342164e-09,0.99999994,7.072739e-09,-1.1809664e-09,8.018828e-09,0.99999994,-0.02162394,0.0004601106,-0.000747174
1735196736.963839,indexFingerTipAnchor,0.33638397,0.9312489,0.14007549,-0.93465954,0.34833232,-0.07124504,-0.11513958,-0.106957234,0.9875741,-0.14199194,-0.06835888,0.0038149618
1735196736.997127,contentEntity,1.0,0.0,0.0,0.0,1.0,0.0,0.0,0.0,1.0,0.0,0.0,0.0
1735196736.997127,handAnchor,0.03396929,-0.7087658,0.7046254,0.5850601,0.58570457,0.5609409,-0.8102781,0.3931935,0.43456653,0.17956167,0.7419308,-0.32291687
1735196736.997127,indexFingerTipParent,1.0,-2.1303936e-08,-5.1167746e-09,-6.562475e-09,1.0,2.046006e-08,-5.136423e-09,-4.1594944e-08,1.0,-0.02158776,0.0004575029,-0.0007478595
1735196736.997127,indexFingerTipAnchor,0.33773533,0.9316514,0.13401504,-0.935046,0.34840292,-0.06560514,-0.10781236,-0.10315316,0.9888053,-0.14212193,-0.067773215,0.0046907095
1735196737.019278,contentEntity,1.0,0.0,0.0,0.0,1.0,0.0,0.0,0.0,1.0,0.0,0.0,0.0
1735196737.019278,handAnchor,0.030267932,-0.70787174,0.7056922,0.58594924,0.58454686,0.56122035,-0.8097821,0.3965128,0.43246996,0.17956436,0.741802,-0.32309037
1735196737.019278,indexFingerTipParent,0.99999994,-6.4092136e-09,5.063283e-09,2.8640637e-09,1.0,1.0801484e-08,-4.6089603e-09,-5.912452e-09,1.0,-0.021551967,0.00045024604,-0.0007520318
1735196737.019278,indexFingerTipAnchor,0.34325135,0.93010587,0.13069649,-0.93356395,0.35313582,-0.061262567,-0.10313413,-0.100985005,0.9895278,-0.14217761,-0.06748355,0.0052527366
1735196737.064028,contentEntity,1.0,0.0,0.0,0.0,1.0,0.0,0.0,0.0,1.0,0.0,0.0,0.0
1735196737.064028,handAnchor,0.02860385,-0.70667994,0.7069548,0.58775115,0.58395666,0.5599489,-0.8085358,0.39949688,0.4320553,0.17964491,0.74162877,-0.32309017
1735196737.064028,indexFingerTipParent,1.0,2.7214949e-08,9.163259e-09,1.3683898e-09,1.0,-2.9198173e-09,9.163259e-09,3.7891574e-09,1.0,-0.021593004,0.0004650727,-0.0007454157
1735196737.064028,indexFingerTipAnchor,0.33888364,0.9312548,0.13387391,-0.9340339,0.35008296,-0.070869796,-0.11286478,-0.10102615,0.98846096,-0.14228964,-0.06760416,0.004911459
1735196737.097292,contentEntity,1.0,0.0,0.0,0.0,1.0,0.0,0.0,0.0,1.0,0.0,0.0,0.0
1735196737.097292,handAnchor,0.027389666,-0.7061843,0.7074979,0.58893824,0.58328474,0.559402,-0.80771375,0.4013508,0.431875,0.17966104,0.7415822,-0.32311887
1735196737.097292,indexFingerTipParent,1.0,1.9343753e-09,-1.8244184e-11,1.6100459e-09,1.0,1.4188537e-08,-2.2591077e-11,-2.011575e-11,1.0,-0.021594413,0.00046589735,-0.0007446326
1735196737.097292,indexFingerTipAnchor,0.33938286,0.93096304,0.134637,-0.9338143,0.35067043,-0.07086166,-0.113182835,-0.1016767,0.988358,-0.14232148,-0.06763466,0.004892256
1735196737.108275,contentEntity,1.0,0.0,0.0,0.0,1.0,0.0,0.0,0.0,1.0,0.0,0.0,0.0
1735196737.108275,handAnchor,0.02586829,-0.70564926,0.7080888,0.5904003,0.58237916,0.5588039,-0.8066959,0.40360057,0.43168062,0.17967162,0.741542,-0.32316145
1735196737.108275,indexFingerTipParent,0.9999998,-6.6435916e-08,7.2498274e-08,2.0694035e-08,0.9999999,2.8272435e-08,-4.8454663e-09,-3.194969e-08,0.9999999,-0.021589661,0.00046497025,-0.0007453452
1735196737.108275,indexFingerTipAnchor,0.34084165,0.93034846,0.1351977,-0.93342245,0.35203162,-0.06925248,-0.11202277,-0.10259241,0.9883954,-0.14234988,-0.067660406,0.0049198885
1735196737.122505,contentEntity,1.0,0.0,0.0,0.0,1.0,0.0,0.0,0.0,1.0,0.0,0.0,0.0
1735196737.122505,handAnchor,0.02402692,-0.7050644,0.70873606,0.5921454,0.5812345,0.558149,-0.80547285,0.40626422,0.4314659,0.17967677,0.74150753,-0.32321823
1735196737.122505,indexFingerTipParent,0.9999998,1.684372e-08,-1.0036146e-07,-4.713541e-08,0.99999976,1.0054388e-07,-6.6443446e-09,-8.59663e-08,0.9999998,-0.021578837,0.00046199188,-0.0007470137
1735196737.122505,indexFingerTipAnchor,0.3432655,0.9294008,0.13558197,-0.93284535,0.35417193,-0.06604131,-0.10939819,-0.10380735,0.98856246,-0.14237492,-0.06768167,0.0049946867
1735196737.1305609,contentEntity,1.0,0.0,0.0,0.0,1.0,0.0,0.0,0.0,1.0,0.0,0.0,0.0
1735196737.1305609,handAnchor,0.023433356,-0.7052972,0.7085245,0.59217566,0.5808,0.5585691,-0.80546826,0.40648183,0.43126974,0.17966728,0.7414738,-0.32324803
1735196737.1305609,indexFingerTipParent,1.0,5.755484e-09,3.637979e-12,3.7134478e-09,1.0000001,-7.275958e-12,1.557055e-08,-2.9460352e-08,1.0,-0.021571582,0.00046063052,-0.0007463068
1735196737.1305609,indexFingerTipAnchor,0.342143,0.9298363,0.13543575,-0.93349445,0.35282198,-0.06407387,-0.10736275,-0.10450599,0.9887121,-0.14230186,-0.06771676,0.005002032
1735196737.141783,contentEntity,1.0,0.0,0.0,0.0,1.0,0.0,0.0,0.0,1.0,0.0,0.0,0.0
1735196737.141783,handAnchor,0.023289628,-0.7059123,0.70791626,0.5915309,0.5805821,0.559478,-0.80594593,0.40572426,0.43109056,0.17964782,0.74144316,-0.32327205
1735196737.141783,indexFingerTipParent,1.0000001,-3.8476e-08,-1.2986129e-07,8.3219724e-08,0.9999999,4.308822e-08,9.546637e-08,-4.5756416e-08,0.99999994,-0.021562826,0.00046005263,-0.0007474482
1735196737.141783,indexFingerTipAnchor,0.33975875,0.93079585,0.1348443,-0.9346505,0.35013518,-0.06191404,-0.1048431,-0.10499643,0.98893046,-0.14217912,-0.06775659,0.0049980003
1735196737.152751,contentEntity,1.0,0.0,0.0,0.0,1.0,0.0,0.0,0.0,1.0,0.0,0.0,0.0
1735196737.152751,handAnchor,0.023602685,-0.7069092,0.7069104,0.5901864,0.58059216,0.56088567,-0.8069219,0.40397045,0.43091175,0.17961837,0.7414158,-0.32328996
1735196737.152751,indexFingerTipParent,1.0,5.0442526e-09,-3.3290067e-07,-4.1349086e-08,1.0,-1.4630976e-08,3.068153e-07,-5.4673677e-08,1.0000002,-0.02155289,0.00045940044,-0.0007482481
1735196737.152751,indexFingerTipAnchor,0.3361024,0.93226135,0.13388027,-0.93630135,0.34611148,-0.059556104,-0.101859346,-0.105335414,0.9892064,-0.1420063,-0.06780093,0.0049842075
1735196737.1641412,contentEntity,1.0,0.0,0.0,0.0,1.0,0.0,0.0,0.0,1.0,0.0,0.0,0.0
1735196737.1641412,handAnchor,0.023737215,-0.7078606,0.7059533,0.5899911,0.5799874,0.56171644,-0.8070609,0.40317246,0.43139866,0.17960933,0.74138767,-0.32332036
1735196737.1641412,indexFingerTipParent,0.9999997,1.3820008e-09,-1.1592524e-07,-4.795859e-08,0.9999998,4.1986205e-08,1.6858813e-07,-2.3865551e-08,1.0,-0.021564659,0.00045824936,-0.0007489324
1735196737.1641412,indexFingerTipAnchor,0.33524394,0.93243825,0.13479516,-0.93660575,0.3453219,-0.0593485,-0.10188656,-0.10635368,0.9890945,-0.14193898,-0.067925915,0.004850951
1735196737.174932,contentEntity,1.0,0.0,0.0,0.0,1.0,0.0,0.0,0.0,1.0,0.0,0.0,0.0
1735196737.174932,handAnchor,0.023999112,-0.7089926,0.7048073,0.58999646,0.5791865,0.56253624,-0.8070491,0.40233338,0.432203,0.179605,0.741361,-0.3233537
1735196737.174932,indexFingerTipParent,1.0000001,5.3295267e-08,-1.5808286e-07,9.010157e-08,1.0000002,7.4133546e-08,8.116579e-08,-3.6597534e-08,1.0000002,-0.021586418,0.00045795296,-0.00074879377
1735196737.174932,indexFingerTipAnchor,0.33502558,0.9322764,0.13644876,-0.93654346,0.34535825,-0.060118966,-0.10317118,-0.1076487,0.98882127,-0.14189538,-0.068095244,0.0046559265
1735196737.185997,contentEntity,1.0,0.0,0.0,0.0,1.0,0.0,0.0,0.0,1.0,0.0,0.0,0.0
1735196737.185997,handAnchor,0.024398929,-0.71029615,0.7034799,0.5902165,0.5781941,0.56332576,-0.80687606,0.40146086,0.43333587,0.1796057,0.74133575,-0.3233901
1735196737.185997,indexFingerTipParent,1.0,3.2910428e-08,4.377411e-08,-3.5925122e-08,1.0,8.690562e-08,-1.0893788e-08,-6.725081e-08,1.0,-0.021618284,0.00045751632,-0.00074840954
1735196737.185997,indexFingerTipAnchor,0.33552322,0.93174356,0.1388452,-0.9360811,0.3463027,-0.061856024,-0.10571643,-0.10921629,0.9883804,-0.14187732,-0.06830746,0.0043967934
1735196737.197202,contentEntity,1.0,0.0,0.0,0.0,1.0,0.0,0.0,0.0,1.0,0.0,0.0,0.0
1735196737.197202,handAnchor,0.024734562,-0.7110738,0.70268196,0.59060025,0.57751364,0.5636214,-0.80658495,0.4010632,0.43424502,0.17963384,0.7412732,-0.32346255
1735196737.197202,indexFingerTipParent,1.0000001,1.4528714e-08,1.7285679e-07,4.2870283e-08,1.0000002,-2.7596695e-08,-3.806979e-07,6.862194e-09,1.0000004,-0.02161758,0.00045701256,-0.00074883294
1735196737.197202,indexFingerTipAnchor,0.33476707,0.9319169,0.13950783,-0.9362953,0.34565672,-0.062237218,-0.10622176,-0.10978551,0.9882636,-0.1418258,-0.06837645,0.0042846575
1735196737.2083101,contentEntity,1.0,0.0,0.0,0.0,1.0,0.0,0.0,0.0,1.0,0.0,0.0,0.0
1735196737.2083101,handAnchor,0.025098654,-0.71168715,0.7020481,0.59117645,0.57688046,0.5636661,-0.80615175,0.40088704,0.43521148,0.17967786,0.74119323,-0.32355398
1735196737.2083101,indexFingerTipParent,1.0000001,-1.7567183e-08,2.4498289e-07,8.9123775e-09,1.0000001,-2.7748209e-08,-1.8604482e-07,2.17865e-08,1.0000001,-0.02160629,0.00045711867,-0.00074908865
1735196737.2083101,indexFingerTipAnchor,0.33374354,0.93225044,0.13972801,-0.93663937,0.34467846,-0.062473282,-0.106401995,-0.11002465,0.98821694,-0.14177103,-0.06839901,0.0042118765
1735196737.219312,contentEntity,1.0,0.0,0.0,0.0,1.0,0.0,0.0,0.0,1.0,0.0,0.0,0.0
1735196737.219312,handAnchor,0.025497835,-0.71213007,0.70158434,0.59194237,0.5763032,0.56345266,-0.80557686,0.40093064,0.43623444,0.179738,0.7410955,-0.32366478
1735196737.219312,indexFingerTipParent,0.9999999,-3.8109782e-08,-7.175925e-08,2.4131921e-08,0.9999999,1.3781139e-08,-4.6348333e-08,1.0915824e-08,0.9999999,-0.021583987,0.00045731541,-0.00074944703
1735196737.219312,indexFingerTipAnchor,0.33245707,0.9327479,0.13947412,-0.93711716,0.34336567,-0.06253828,-0.106223136,-0.10991235,0.9882486,-0.14171314,-0.06837288,0.0041796304
1735196737.2307138,contentEntity,1.0,0.0,0.0,0.0,1.0,0.0,0.0,0.0,1.0,0.0,0.0,0.0
1735196737.2307138,handAnchor,0.025171407,-0.7123301,0.7013925,0.59284085,0.5755636,0.5632633,-0.80492574,0.40163612,0.43678635,0.17973556,0.7410383,-0.32371947
1735196737.2307138,indexFingerTipParent,0.99999994,1.2294933e-07,-1.586863e-07,-3.9521257e-08,1.0,4.68607e-10,8.499556e-09,3.6303618e-08,0.9999998,-0.021569602,0.0004578447,-0.00074942753
1735196737.2307138,indexFingerTipAnchor,0.33189484,0.932998,0.13914332,-0.937305,0.3427987,-0.06284106,-0.106328785,-0.1095631,0.98827636,-0.14161281,-0.068422616,0.0042090407
1735196737.241579,contentEntity,1.0,0.0,0.0,0.0,1.0,0.0,0.0,0.0,1.0,0.0,0.0,0.0
1735196737.241579,handAnchor,0.024504462,-0.7123301,0.7014162,0.5939019,0.57476556,0.5629603,-0.8041638,0.40277746,0.4371387,0.17971112,0.74099195,-0.32375684
1735196737.241579,indexFingerTipParent,1.0,6.183297e-08,1.3820351e-08,-1.3431259e-07,1.0000001,-8.628703e-08,-4.48073e-08,4.035534e-08,1.0,-0.021553414,0.00045817197,-0.00074963016
1735196737.241579,indexFingerTipAnchor,0.33156052,0.9332097,0.13851804,-0.93741864,0.34242973,-0.06315266,-0.10636731,-0.10891046,0.9883444,-0.1414893,-0.06848562,0.0042889966
1735196737.252614,contentEntity,1.0,0.0,0.0,0.0,1.0,0.0,0.0,0.0,1.0,0.0,0.0,0.0
1735196737.252614,handAnchor,0.023496909,-0.7121237,0.70166034,0.59512395,0.5739117,0.56254065,-0.8032899,0.40435708,0.43728715,0.179664,0.7409566,-0.32377636
1735196737.252614,indexFingerTipParent,1.0000001,4.5381054e-08,-2.0366772e-07,4.8608083e-08,1.0000001,5.7901147e-08,1.6214172e-07,-1.0533312e-07,1.0000002,-0.02153575,0.00045861927,-0.0007498299
1735196737.252614,indexFingerTipAnchor,0.33145255,0.93338215,0.13761212,-0.9374578,0.3422603,-0.06348977,-0.10635938,-0.10796169,0.98844945,-0.1413428,-0.06856201,0.0044193277
1735196737.263708,contentEntity,1.0,0.0,0.0,0.0,1.0,0.0,0.0,0.0,1.0,0.0,0.0,0.0
1735196737.263708,handAnchor,0.023222258,-0.7121245,0.7016688,0.59590906,0.5734046,0.562227,-0.80271596,0.4050747,0.43767706,0.1796805,0.74091744,-0.3238666
1735196737.263708,indexFingerTipParent,1.0000002,2.3638892e-08,8.563942e-08,-9.371743e-08,1.0000002,8.524141e-10,-8.074597e-08,-1.0556439e-08,1.0000004,-0.021555098,0.00045975228,-0.0007496183
1735196737.263708,indexFingerTipAnchor,0.33241266,0.93288606,0.13865818,-0.936956,0.3434473,-0.06448412,-0.10777797,-0.1084812,0.9882391,-0.14135905,-0.068625696,0.004364622
1735196737.275157,contentEntity,1.0,0.0,0.0,0.0,1.0,0.0,0.0,0.0,1.0,0.0,0.0,0.0
1735196737.275157,handAnchor,0.023125209,-0.7121202,0.70167637,0.59656334,0.5730384,0.56190664,-0.8022327,0.40560025,0.43807638,0.17971602,0.7408822,-0.32398206
1735196737.275157,indexFingerTipParent,0.9999999,-4.5698155e-08,1.0101854e-07,-7.2512385e-08,0.9999999,-5.8777122e-08,-9.053084e-08,6.9074374e-10,0.9999998,-0.021591665,0.00046022158,-0.0007497229
1735196737.275157,indexFingerTipAnchor,0.3340476,0.9320286,0.14048,-0.9361357,0.34543282,-0.065771945,-0.10982776,-0.10953735,0.987896,-0.14144233,-0.06868993,0.0042468086
1735196737.2860951,contentEntity,1.0,0.0,0.0,0.0,1.0,0.0,0.0,0.0,1.0,0.0,0.0,0.0
1735196737.2860951,handAnchor,0.023215977,-0.7121151,0.70167863,0.59708405,0.5728158,0.56158036,-0.80184263,0.40592355,0.43849105,0.17977148,0.7408506,-0.3241235
1735196737.2860951,indexFingerTipParent,0.99999994,-1.7619124e-08,2.3165482e-07,1.4928087e-08,0.9999999,-7.268851e-08,-2.60117e-07,1.2342667e-07,0.9999998,-0.02164599,0.00046075718,-0.0007495163
1735196737.2860951,indexFingerTipAnchor,0.3363253,0.9308073,0.14312096,-0.9349959,0.3481994,-0.06738103,-0.1125534,-0.111155465,0.98740864,-0.14159437,-0.06875451,0.0040634684
1735196737.297118,contentEntity,1.0,0.0,0.0,0.0,1.0,0.0,0.0,0.0,1.0,0.0,0.0,0.0
1735196737.297118,handAnchor,0.023982247,-0.71182895,0.7019434,0.597939,0.57292205,0.56056154,-0.8011826,0.40627578,0.43937021,0.17981434,0.74082685,-0.32415795
1735196737.297118,indexFingerTipParent,1.0000002,-2.399657e-07,3.153119e-07,1.3779317e-07,1.0000002,-1.231146e-08,-3.399764e-07,4.598405e-09,1.0000001,-0.021645453,0.00046042935,-0.0007497916
1735196737.297118,indexFingerTipAnchor,0.33715245,0.93040276,0.14380334,-0.9347224,0.34904295,-0.066805,-0.11234898,-0.111892685,0.98734903,-0.1416546,-0.06868341,0.0040200744
1735196737.308192,contentEntity,1.0,0.0,0.0,0.0,1.0,0.0,0.0,0.0,1.0,0.0,0.0,0.0
1735196737.308192,handAnchor,0.025173089,-0.7114048,0.7023316,0.5988871,0.5732609,0.55920136,-0.8004378,0.40654045,0.44048187,0.17986137,0.74080884,-0.32415378
1735196737.308192,indexFingerTipParent,0.9999999,-1.01007195e-07,5.723737e-08,1.7440748e-07,0.99999994,1.3941469e-08,-6.913144e-08,-4.6536297e-08,0.99999976,-0.021627344,0.00045907917,-0.00075100345
1735196737.308192,indexFingerTipAnchor,0.33764732,0.9302046,0.14392178,-0.9346987,0.3493864,-0.0653279,-0.111052506,-0.11246563,0.9874303,-0.1417058,-0.06854684,0.0040112175
1735196737.3193521,contentEntity,1.0,0.0,0.0,0.0,1.0,0.0,0.0,0.0,1.0,0.0,0.0,0.0
1735196737.3193521,handAnchor,0.02679283,-0.7108409,0.7028424,0.599929,0.5738338,0.5574943,-0.7996044,0.40671867,0.44182873,0.17991227,0.7407966,-0.32410994
1735196737.3193521,indexFingerTipParent,0.99999994,-1.3345206e-07,-1.48434385e-08,1.92427e-07,0.9999999,2.8060402e-08,-3.5480983e-08,-2.517374e-08,0.99999994,-0.021591192,0.00045724178,-0.00075243926
1735196737.3193521,indexFingerTipAnchor,0.337764,0.93022996,0.14348295,-0.9349389,0.34918126,-0.062936224,-0.10864674,-0.11289032,0.98764926,-0.14174642,-0.06834412,0.0040384308
1735196737.3415442,contentEntity,1.0,0.0,0.0,0.0,1.0,0.0,0.0,0.0,1.0,0.0,0.0,0.0
1735196737.3415442,handAnchor,0.027451975,-0.7104323,0.7032299,0.6007529,0.57400376,0.556431,-0.79896325,0.40719223,0.44255182,0.17990325,0.74087936,-0.3240376
1735196737.3415442,indexFingerTipParent,0.9999997,-1.5879431e-08,-1.5698838e-07,4.680764e-08,0.99999976,-1.5032805e-08,1.651776e-07,1.0785114e-07,0.99999976,-0.02157873,0.00045884587,-0.0007514903
1735196737.3415442,indexFingerTipAnchor,0.33729655,0.93042773,0.14330074,-0.9350893,0.3487251,-0.06323083,-0.10880432,-0.11267152,0.98765695,-0.14176865,-0.06826738,0.0040537147
1735196737.341815,contentEntity,1.0,0.0,0.0,0.0,1.0,0.0,0.0,0.0,1.0,0.0,0.0,0.0
1735196737.341815,handAnchor,0.027864363,-0.710029,0.7036207,0.6015245,0.574095,0.5555024,-0.79836816,0.4077664,0.44309658,0.17986722,0.7410114,-0.32393104
1735196737.341815,indexFingerTipParent,1.0,8.911797e-09,6.61882e-12,3.367474e-08,1.0000001,-1.013068e-07,3.2038717e-08,4.5902162e-08,1.0,-0.02156853,0.00046090945,-0.00075116445
1735196737.341815,indexFingerTipAnchor,0.33639988,0.93081576,0.14288968,-0.93531656,0.3479079,-0.06436978,-0.10962872,-0.11199298,0.98764324,-0.1417763,-0.068218134,0.004081182
1735196737.352603,contentEntity,1.0,0.0,0.0,0.0,1.0,0.0,0.0,0.0,1.0,0.0,0.0,0.0
1735196737.352603,handAnchor,0.02801935,-0.7096319,0.7040151,0.60223836,0.5741058,0.55471736,-0.7978245,0.4084421,0.44345358,0.17980365,0.74119306,-0.3237904
1735196737.352603,indexFingerTipParent,0.9999999,-8.4273836e-08,-1.294652e-07,6.095466e-08,0.99999994,-8.777385e-08,1.3097451e-07,3.0733645e-08,0.9999998,-0.021560907,0.00046411366,-0.00075029326
1735196737.352603,indexFingerTipAnchor,0.33503747,0.93139666,0.14230262,-0.9356252,0.34669912,-0.066372424,-0.11115509,-0.11090459,0.9875954,-0.14176956,-0.06819747,0.0041209785
1735196737.363841,contentEntity,1.0,0.0,0.0,0.0,1.0,0.0,0.0,0.0,1.0,0.0,0.0,0.0
1735196737.363841,handAnchor,0.028258467,-0.7099604,0.7036739,0.60230815,0.57390714,0.55484664,-0.79776293,0.40814954,0.44383293,0.17974928,0.74129647,-0.32371935
1735196737.363841,indexFingerTipParent,1.0000002,1.1099651e-07,-1.301496e-07,-1.05083664e-07,1.0000002,-1.8646602e-07,2.4483597e-08,1.1229713e-07,1.0000002,-0.02155058,0.00046392414,-0.0007511052
1735196737.363841,indexFingerTipAnchor,0.33335152,0.9320501,0.14198662,-0.93638206,0.3448517,-0.065319985,-0.10984581,-0.111179285,0.9877114,-0.14167798,-0.06819991,0.0041666087
1735196737.374881,contentEntity,1.0,0.0,0.0,0.0,1.0,0.0,0.0,0.0,1.0,0.0,0.0,0.0
1735196737.374881,handAnchor,0.028408002,-0.7106467,0.70297503,0.6020399,0.57356316,0.55549353,-0.79796034,0.40743858,0.44413152,0.17968532,0.74138737,-0.3236644
1735196737.374881,indexFingerTipParent,1.0000004,2.6577062e-08,-8.793217e-08,-3.722314e-08,1.0000001,-1.00001955e-07,4.39373e-08,8.843807e-08,1.0000002,-0.021540279,0.00046286563,-0.0007514506
1735196737.374881,indexFingerTipAnchor,0.3312584,0.93282956,0.14176518,-0.93739057,0.34248957,-0.06324511,-0.107550055,-0.11193892,0.98787796,-0.1415378,-0.068228334,0.00422066
1735196737.386003,contentEntity,1.0,0.0,0.0,0.0,1.0,0.0,0.0,0.0,1.0,0.0,0.0,0.0
1735196737.386003,handAnchor,0.028469492,-0.7116931,0.7019131,0.6014263,0.5730723,0.5566634,-0.7984206,0.40630114,0.44434625,0.17961201,0.7414648,-0.3236265
1735196737.386003,indexFingerTipParent,0.9999998,3.1775617e-08,2.8593904e-08,2.7483134e-08,0.99999994,-1.4352258e-08,-5.085712e-08,5.891186e-09,1.0,-0.021529794,0.00046062958,-0.0007519365
1735196737.386003,indexFingerTipAnchor,0.3287689,0.9337344,0.14159866,-0.93864316,0.33961165,-0.060101956,-0.10420788,-0.113151036,0.9880976,-0.14134873,-0.06828207,0.00428396
1735196737.397167,contentEntity,1.0,0.0,0.0,0.0,1.0,0.0,0.0,0.0,1.0,0.0,0.0,0.0
1735196737.397167,handAnchor,0.02829717,-0.71209955,0.701508,0.601605,0.5725895,0.55696726,-0.7982923,0.40627012,0.4446054,0.17955194,0.74153626,-0.32359698
1735196737.397167,indexFingerTipParent,1.0000002,-9.836285e-08,1.3844542e-08,4.0839417e-08,1.0,5.845254e-08,6.929622e-08,-8.0537575e-08,1.0000001,-0.0214985,0.000461041,-0.0007519287
1735196737.397167,indexFingerTipAnchor,0.32672024,0.9346813,0.14008793,-0.9395456,0.33728132,-0.05912034,-0.10250763,-0.11230299,0.98837245,-0.14117609,-0.06825126,0.0044540437
1735196737.408323,contentEntity,1.0,0.0,0.0,0.0,1.0,0.0,0.0,0.0,1.0,0.0,0.0,0.0
1735196737.408323,handAnchor,0.027961027,-0.71237814,0.70123845,0.60198593,0.57203823,0.557122,-0.7980168,0.406558,0.4448365,0.17949341,0.741598,-0.32358027
1735196737.408323,indexFingerTipParent,1.0,-8.363674e-08,1.4217854e-08,-2.9345089e-09,0.99999994,4.3290317e-08,-3.396417e-08,-2.142042e-08,0.99999994,-0.021457259,0.00046064612,-0.00075206195
1735196737.408323,indexFingerTipAnchor,0.3247422,0.9356916,0.13792491,-0.9403889,0.3350119,-0.058611218,-0.10104868,-0.11066962,0.9887069,-0.14098616,-0.06819264,0.004682036
1735196737.419592,contentEntity,1.0,0.0,0.0,0.0,1.0,0.0,0.0,0.0,1.0,0.0,0.0,0.0
1735196737.419592,handAnchor,0.027464196,-0.7125229,0.7011109,0.6025811,0.57141834,0.55711466,-0.7975847,0.40717548,0.44504657,0.17943676,0.74165,-0.3235764
1735196737.419592,indexFingerTipParent,0.99999994,-1.2435672e-07,-7.2953654e-08,1.13957334e-07,1.0000001,8.5884565e-08,6.217817e-08,-6.5875135e-08,1.0,-0.021405946,0.00046049198,-0.0007518874
1735196737.419592,indexFingerTipAnchor,0.32278746,0.93677604,0.1351262,-0.94118667,0.33276328,-0.058622662,-0.0998814,-0.10825638,0.98909277,-0.14077932,-0.06810563,0.0049674446
1735196737.430492,contentEntity,1.0,0.0,0.0,0.0,1.0,0.0,0.0,0.0,1.0,0.0,0.0,0.0
1735196737.430492,handAnchor,0.027099624,-0.7120056,0.7016505,0.6026607,0.57164055,0.5568007,-0.7975372,0.4077682,0.44458905,0.17937885,0.74171406,-0.32351393
1735196737.430492,indexFingerTipParent,1.0000002,-2.080204e-07,7.1446266e-08,1.4357823e-07,1.0000002,7.162453e-08,-2.404875e-08,-3.3221834e-08,1.0,-0.021410672,0.00046599307,-0.0007491574
1735196737.430492,indexFingerTipAnchor,0.32233527,0.9369592,0.13493697,-0.9410303,0.3326338,-0.061785355,-0.102774896,-0.10706414,0.98892605,-0.1407979,-0.068093434,0.005027185
1735196737.441516,contentEntity,1.0,0.0,0.0,0.0,1.0,0.0,0.0,0.0,1.0,0.0,0.0,0.0
1735196737.441516,handAnchor,0.02670582,-0.7110989,0.7025845,0.6025958,0.5722327,0.55626243,-0.7975996,0.408519,0.44378725,0.17932118,0.7417791,-0.32342964
1735196737.441516,indexFingerTipParent,1.0000001,6.207651e-08,8.6200764e-08,-7.739343e-09,1.0000001,-4.3008267e-08,-1.1478789e-07,1.870281e-08,1.0,-0.021437109,0.00047068088,-0.0007470187
1735196737.441516,indexFingerTipAnchor,0.3227962,0.9367041,0.1356029,-0.9403159,0.33369943,-0.06671835,-0.10774604,-0.10597314,0.98851424,-0.14091663,-0.06810366,0.0050085904
1735196737.4526138,contentEntity,1.0,0.0,0.0,0.0,1.0,0.0,0.0,0.0,1.0,0.0,0.0,0.0
1735196737.4526138,handAnchor,0.026292888,-0.7097961,0.7039162,0.60238475,0.57320344,0.5554909,-0.7977725,0.40942293,0.44264156,0.17926379,0.74184513,-0.32332295
1735196737.4526138,indexFingerTipParent,0.99999994,1.5153039e-07,9.010735e-08,-9.772567e-08,0.9999998,-5.969915e-08,-5.015757e-08,6.85333e-09,0.9999999,-0.021485977,0.0004779622,-0.00074361294
1735196737.4526138,indexFingerTipAnchor,0.32403773,0.93604046,0.13721429,-0.93904763,0.335847,-0.07345916,-0.11484373,-0.10504722,0.98781365,-0.14113884,-0.06813625,0.0049087163
1735196737.463743,contentEntity,1.0,0.0,0.0,0.0,1.0,0.0,0.0,0.0,1.0,0.0,0.0,0.0
1735196737.463743,handAnchor,0.026286758,-0.71001244,0.7036982,0.60245395,0.5729947,0.5556314,-0.79772055,0.40934002,0.44281197,0.17922466,0.7418869,-0.3233067
1735196737.463743,indexFingerTipParent,1.0000001,8.770831e-08,4.4639602e-08,-1.0992623e-09,0.99999994,1.4042323e-11,1.9567084e-11,8.038542e-11,1.0,-0.021499716,0.00047964067,-0.0007434702
1735196737.463743,indexFingerTipAnchor,0.32327905,0.9362385,0.13765341,-0.93936014,0.33508298,-0.07295208,-0.1144259,-0.10572227,0.9877903,-0.14113753,-0.068220876,0.004846068
1735196737.474855,contentEntity,1.0,0.0,0.0,0.0,1.0,0.0,0.0,0.0,1.0,0.0,0.0,0.0
1735196737.474855,handAnchor,0.026464552,-0.71076417,0.7029322,0.6025814,0.57240707,0.55609846,-0.7976184,0.40885696,0.44344184,0.17919458,0.7419173,-0.323323
1735196737.474855,indexFingerTipParent,1.0,9.479912e-08,-2.5914767e-07,-7.469873e-08,0.99999994,1.436654e-08,3.2247792e-07,-1.17034435e-08,0.99999994,-0.021507945,0.0004765559,-0.0007455475
1735196737.474855,indexFingerTipAnchor,0.32209983,0.9365987,0.13796352,-0.94012356,0.3336001,-0.06984315,-0.111439675,-0.107206255,0.98797125,-0.14108011,-0.06834267,0.004760082
1735196737.485973,contentEntity,1.0,0.0,0.0,0.0,1.0,0.0,0.0,0.0,1.0,0.0,0.0,0.0
1735196737.485973,handAnchor,0.026831586,-0.7120638,0.70160174,0.6027723,0.5714285,0.5568975,-0.79746205,0.4079637,0.4445447,0.17917363,0.74193627,-0.3233726
1735196737.485973,indexFingerTipParent,0.9999998,6.07977e-08,-4.474875e-07,-3.4255745e-08,0.9999999,-7.2874556e-08,4.3620247e-07,-5.7420056e-08,0.9999998,-0.021510206,0.00047098077,-0.0007490688
1735196737.485973,indexFingerTipAnchor,0.3203727,0.93716264,0.13815713,-0.9413632,0.33125457,-0.06407352,-0.10581241,-0.10952863,0.9883355,-0.14096425,-0.06850166,0.0046513677
1735196737.4971561,contentEntity,1.0,0.0,0.0,0.0,1.0,0.0,0.0,0.0,1.0,0.0,0.0,0.0
1735196737.4971561,handAnchor,0.026854964,-0.7117824,0.7018864,0.6033272,0.57137716,0.55634916,-0.7970414,0.4085264,0.444782,0.17914964,0.74199593,-0.32335207
1735196737.4971561,indexFingerTipParent,1.0000001,-5.8232544e-08,-3.2031238e-07,9.1128776e-08,1.0000002,5.922129e-08,2.4465118e-07,-6.6652774e-08,1.0000002,-0.0215257,0.00047216332,-0.0007491221
1735196737.4971561,indexFingerTipAnchor,0.3208051,0.9368973,0.13895257,-0.9411029,0.33185467,-0.06479195,-0.10681545,-0.10998314,0.9881774,-0.14103487,-0.0685547,0.00458033
1735196737.5082278,contentEntity,1.0,0.0,0.0,0.0,1.0,0.0,0.0,0.0,1.0,0.0,0.0,0.0
1735196737.5082278,handAnchor,0.026793584,-0.7110163,0.70266473,0.6040944,0.57156456,0.55532306,-0.7964621,0.40959668,0.44483513,0.17912869,0.74206924,-0.32331446
1735196737.5082278,indexFingerTipParent,0.99999994,7.840538e-08,-3.314962e-07,2.2284668e-08,1.0,5.7929974e-08,3.583772e-07,-3.7051553e-08,1.0,-0.021544576,0.0004750162,-0.00074774993
1735196737.5082278,indexFingerTipAnchor,0.32200927,0.9363257,0.14001584,-0.9403614,0.33345807,-0.0672794,-0.1096848,-0.11000093,0.98786116,-0.14116566,-0.068576954,0.0045168838
1735196737.5192819,contentEntity,1.0,0.0,0.0,0.0,1.0,0.0,0.0,0.0,1.0,0.0,0.0,0.0
1735196737.5192819,handAnchor,0.026657725,-0.709746,0.703953,0.6050733,0.5720064,0.5538004,-0.79572326,0.4111801,0.44469664,0.17911093,0.7421568,-0.32325906
1735196737.5192819,indexFingerTipParent,0.9999998,-6.1159646e-08,-8.679506e-08,1.771842e-08,0.9999999,5.7225023e-08,8.356232e-08,-3.5483414e-08,0.9999998,-0.021566933,0.0004797962,-0.000745031
1735196737.5192819,indexFingerTipAnchor,0.3240041,0.93544006,0.14132717,-0.9391028,0.3360923,-0.07161277,-0.11448836,-0.10951787,0.9873695,-0.14135933,-0.06856544,0.004460944
1735196737.530472,contentEntity,1.0,0.0,0.0,0.0,1.0,0.0,0.0,0.0,1.0,0.0,0.0,0.0
1735196737.530472,handAnchor,0.026903948,-0.70980245,0.7038865,0.6055289,0.5718264,0.5534879,-0.7953682,0.41133267,0.44519034,0.17909083,0.7422218,-0.32325155
1735196737.530472,indexFingerTipParent,1.0000002,-1.379412e-07,-3.4867744e-09,7.057363e-08,1.0000002,5.8745748e-08,-1.9743377e-08,-1.0746421e-07,1.0000001,-0.021576613,0.00048090122,-0.00074392714
1735196737.530472,indexFingerTipAnchor,0.3242936,0.9350705,0.14310017,-0.9388936,0.3366196,-0.07187874,-0.11538189,-0.111045964,0.98709494,-0.14137909,-0.06860261,0.0043308744
1735196737.5448399,contentEntity,1.0,0.0,0.0,0.0,1.0,0.0,0.0,0.0,1.0,0.0,0.0,0.0
1735196737.5448399,handAnchor,0.02730119,-0.71024495,0.7034247,0.60583496,0.5714815,0.55350906,-0.79512143,0.4110479,0.44589344,0.17907128,0.7422831,-0.32325828
1735196737.5448399,indexFingerTipParent,0.99999994,-2.2743167e-07,7.090193e-08,-3.90983e-08,0.99999994,-1.4482205e-08,-6.8932046e-08,-9.728351e-08,0.99999994,-0.021582143,0.00047962763,-0.0007436226
1735196737.5448399,indexFingerTipAnchor,0.32423294,0.9347683,0.14519559,-0.9389182,0.33671644,-0.07110149,-0.11535302,-0.11327341,0.9868451,-0.14134647,-0.068645716,0.0041687153
1735196737.5529141,contentEntity,1.0,0.0,0.0,0.0,1.0,0.0,0.0,0.0,1.0,0.0,0.0,0.0
1735196737.5529141,handAnchor,0.027847925,-0.7110874,0.70255166,0.60599005,0.57096046,0.5538772,-0.79498446,0.41031498,0.44681194,0.17905208,0.74234045,-0.32327965
1735196737.5529141,indexFingerTipParent,1.0,-5.093157e-08,-8.6387425e-10,8.2280614e-08,1.0,1.5915279e-07,2.9010248e-08,-1.3917335e-07,0.99999994,-0.021583218,0.00047704089,-0.0007436288
1735196737.5529141,indexFingerTipAnchor,0.32374457,0.93455505,0.147637,-0.9392072,0.33629575,-0.06924858,-0.11436627,-0.11624281,0.98661464,-0.14125918,-0.06869609,0.0039738687
1735196737.564158,contentEntity,1.0,0.0,0.0,0.0,1.0,0.0,0.0,0.0,1.0,0.0,0.0,0.0
1735196737.564158,handAnchor,0.027853124,-0.7108546,0.702787,0.60685843,0.5706972,0.5531972,-0.7943214,0.41108403,0.44728386,0.17906448,0.74235255,-0.32326806
1735196737.564158,indexFingerTipParent,0.99999994,1.5498094e-07,-1.22926265e-08,-1.835509e-08,0.9999999,5.618505e-08,8.413851e-08,-6.227287e-08,1.0000001,-0.021598985,0.00047887443,-0.0007434741
1735196737.564158,indexFingerTipAnchor,0.3238461,0.9344217,0.14825645,-0.939054,0.33656207,-0.07002698,-0.11533229,-0.11654292,0.9864667,-0.14134435,-0.06868592,0.0039185295
1735196737.575083,contentEntity,1.0,0.0,0.0,0.0,1.0,0.0,0.0,0.0,1.0,0.0,0.0,0.0
1735196737.575083,handAnchor,0.027663788,-0.7103066,0.70334846,0.60799474,0.57046163,0.55219185,-0.7934589,0.41235647,0.44764385,0.17909265,0.7423405,-0.32324803
1735196737.575083,indexFingerTipParent,0.9999999,7.215452e-08,-9.949542e-08,5.672819e-08,0.99999994,8.437435e-08,1.1219843e-07,-9.7040676e-08,0.99999994,-0.021619555,0.000481555,-0.0007439724
1735196737.575083,indexFingerTipAnchor,0.32404357,0.9343702,0.1481489,-0.9388121,0.33692363,-0.0715177,-0.116738856,-0.115909,0.9863758,-0.14148487,-0.0686512,0.003915337
1735196737.5860271,contentEntity,1.0,0.0,0.0,0.0,1.0,0.0,0.0,0.0,1.0,0.0,0.0,0.0
1735196737.5860271,handAnchor,0.027283855,-0.70942825,0.7042492,0.6094054,0.5702595,0.5508437,-0.792389,0.41414425,0.44788834,0.17913666,0.7423041,-0.3232192
1735196737.5860271,indexFingerTipParent,0.99999976,-6.493869e-08,-9.83328e-08,1.1710853e-07,0.99999994,7.090242e-08,3.21667e-08,-7.842136e-08,0.99999976,-0.021645278,0.00048548705,-0.00074491184
1735196737.5860271,indexFingerTipAnchor,0.32433227,0.9344027,0.14730896,-0.93847626,0.33737445,-0.07376023,-0.118620075,-0.11432319,0.98633623,-0.14168303,-0.06859032,0.0039650835
1735196737.597433,contentEntity,1.0,0.0,0.0,0.0,1.0,0.0,0.0,0.0,1.0,0.0,0.0,0.0
1735196737.597433,handAnchor,0.027436217,-0.70945036,0.704221,0.609452,0.57028013,0.5507709,-0.79234797,0.4140779,0.44802237,0.17917979,0.7423064,-0.32323247
1735196737.597433,indexFingerTipParent,0.99999994,-1.1887813e-07,-1.5825554e-08,4.9584244e-08,0.99999994,1.00514455e-07,6.232541e-08,-1.5046415e-07,1.0000002,-0.0216537,0.00048526376,-0.00074528065
1735196737.597433,indexFingerTipAnchor,0.32426032,0.93432933,0.1479327,-0.93854344,0.33731166,-0.07319416,-0.11828674,-0.11510733,0.9862853,-0.1417321,-0.068599805,0.0039093764
1735196737.608244,contentEntity,1.0,0.0,0.0,0.0,1.0,0.0,0.0,0.0,1.0,0.0,0.0,0.0
1735196737.608244,handAnchor,0.027740788,-0.7097426,0.70391464,0.60897726,0.5704239,0.5511473,-0.7927025,0.41337866,0.4480412,0.1792306,0.74231505,-0.3232616
1735196737.608244,indexFingerTipParent,1.0000001,-1.6181788e-07,1.716089e-07,7.531834e-08,1.0000001,1.01493576e-07,1.3451474e-09,-1.0309604e-07,1.0000001,-0.021656243,0.00048387027,-0.00074530387
1735196737.608244,indexFingerTipAnchor,0.32404134,0.9342511,0.148903,-0.93876445,0.3370268,-0.07165282,-0.117126085,-0.11656626,0.9862525,-0.14173776,-0.068631135,0.0038301898
1735196737.619327,contentEntity,1.0,0.0,0.0,0.0,1.0,0.0,0.0,0.0,1.0,0.0,0.0,0.0
1735196737.619327,handAnchor,0.028209122,-0.71031266,0.70332074,0.6079681,0.57069314,0.5519819,-0.79346013,0.41202557,0.4479462,0.17928898,0.74233043,-0.32330698
1735196737.619327,indexFingerTipParent,1.0000001,-1.0347265e-07,9.8774734e-08,1.691118e-07,1.0000002,-2.72992e-08,-1.0303115e-07,-1.9033704e-08,1.0000002,-0.02165293,0.0004809987,-0.0007452326
