time,type,0x,0y,0z,1x,1y,1z,2x,2y,2z,3x,3y,3z
1735193290.4289908,handAnchor,0.3358158,-0.079893656,0.93853325,0.48918983,0.86627513,-0.10129401,-0.8049354,0.49313703,0.3299921,0.13341907,0.58339727,-0.26002657
1735193290.4289908,indexFingerTipParent,1.0,2.9411284e-08,2.840519e-08,-3.910383e-10,1.0,3.7669103e-09,2.840519e-08,3.7669103e-09,1.0,-0.022118598,0.0005515134,-0.0004427731
1735193290.4289908,indexFingerTipAnchor,0.7132155,0.64797306,0.26731095,-0.64593375,0.75566626,-0.10834317,-0.27220133,-0.09539309,0.9575003,-0.1702097,-0.04274113,-0.008633165
1735193290.4623141,handAnchor,0.3373306,-0.090383604,0.9370372,0.4948522,0.8637876,-0.09482717,-0.8008303,0.49568304,0.33610854,0.13347249,0.58299226,-0.26053253
1735193290.4623141,indexFingerTipParent,1.0,-7.797411e-09,-1.1122971e-08,7.505427e-09,1.0000001,-4.1416783e-08,1.1212734e-08,-4.54952e-09,1.0,-0.022104949,0.0005451385,-0.00045247376
1735193290.4623141,indexFingerTipAnchor,0.7050637,0.65436196,0.27330554,-0.6557392,0.74833065,-0.100038625,-0.2699845,-0.10868365,0.9567113,-0.16940054,-0.043613374,-0.009363402
1735193290.4955978,handAnchor,0.337431,-0.09074698,0.9369661,0.49326763,0.8647966,-0.09388398,-0.8017653,0.4938543,0.33657166,0.13361728,0.5825896,-0.2612359
1735193290.4955978,indexFingerTipParent,0.99999994,-2.1883256e-08,-3.818812e-11,-2.1883256e-08,0.99999994,-1.7663488e-09,-1.586831e-08,-8.002004e-09,1.0,-0.022128671,0.00053804275,-0.00045725703
1735193290.4955978,indexFingerTipAnchor,0.7071913,0.6515988,0.2744072,-0.65384674,0.75040615,-0.09682383,-0.26900718,-0.11094729,0.95672643,-0.16938138,-0.04363265,-0.009418916
1735193290.5289989,handAnchor,0.3384289,-0.08913287,0.93676096,0.49208888,0.86529666,-0.09544671,-0.8020687,0.49327156,0.33670273,0.13356721,0.583019,-0.26135123
1735193290.5289989,indexFingerTipParent,1.0000001,1.6555383e-08,-4.092584e-09,1.5535875e-09,1.0000001,2.7937517e-08,5.4816773e-09,2.8376652e-08,1.0,-0.022158474,0.0005390458,-0.0004723668
1735193290.5289989,indexFingerTipAnchor,0.7085169,0.651982,0.2700439,-0.65358895,0.7505683,-0.09731053,-0.2661311,-0.10755158,0.957918,-0.16949175,-0.043531895,-0.0091703925
1735193290.562321,handAnchor,0.33811155,-0.08963275,0.9368281,0.49211678,0.86535037,-0.09481638,-0.80218565,0.4930872,0.3366947,0.13376898,0.5827946,-0.2618594
1735193290.562321,indexFingerTipParent,0.9999999,-1.1594921e-09,2.9202127e-08,1.2420999e-08,0.9999999,8.191865e-09,2.1110647e-08,1.8411583e-10,0.99999994,-0.022131354,0.0005381005,-0.00047834218
1735193290.562321,indexFingerTipAnchor,0.7062257,0.65572953,0.26695243,-0.657212,0.74740726,-0.097234115,-0.26328167,-0.106775194,0.9587918,-0.1692984,-0.043657526,-0.008811325
1735193290.595742,handAnchor,0.3377157,-0.08285722,0.9375941,0.49044,0.8657012,-0.1001496,-0.8033783,0.4936557,0.3329975,0.13373527,0.58309734,-0.26213342
1735193290.595742,indexFingerTipParent,1.0,3.6818523e-08,-1.5600527e-08,6.3258767e-09,1.0,-1.2467012e-08,1.7049597e-08,3.219322e-08,1.0,-0.022143543,0.00054323114,-0.0004799366
1735193290.595742,indexFingerTipAnchor,0.7091126,0.65492177,0.26122156,-0.653481,0.7495747,-0.105356395,-0.2648051,-0.095993765,0.95951205,-0.16959333,-0.042947084,-0.0081768725
1735193290.628964,handAnchor,0.33937836,-0.08606921,0.93670386,0.48556185,0.86890566,-0.096085005,-0.8056374,0.48743686,0.33667985,0.13357383,0.5834248,-0.26238278
1735193290.628964,indexFingerTipParent,0.9999999,-2.5946834e-08,-2.2908232e-08,-2.4915495e-08,0.9999999,1.8418984e-08,-6.153435e-09,-3.46619e-08,1.0,-0.022120267,0.0005369708,-0.0004886836
1735193290.628964,indexFingerTipAnchor,0.7023346,0.66248995,0.26044902,-0.6633369,0.74184686,-0.09822205,-0.25828454,-0.10378071,0.9604786,-0.169105,-0.043370795,-0.008367756
1735193290.662391,handAnchor,0.33740467,-0.083483756,0.9376505,0.48697194,0.86790687,-0.097958095,-0.80561566,0.48966107,0.33349004,0.13334727,0.58369696,-0.26271868
1735193290.662391,indexFingerTipParent,0.9999999,1.3309094e-08,-8.893821e-09,-1.6493228e-08,0.9999999,3.0465927e-08,-8.893821e-09,-2.9138718e-08,0.9999999,-0.022253484,0.000549864,-0.00047953427
1735193290.662391,indexFingerTipAnchor,0.6996749,0.66384417,0.26413113,-0.6610864,0.7417451,-0.1130409,-0.27095965,-0.09552164,0.9578392,-0.16922499,-0.04347984,-0.008403449
1735193290.695693,handAnchor,0.33597007,-0.07794993,0.9386418,0.48240405,0.8701757,-0.10040379,-0.8089568,0.4865372,0.32995626,0.1329473,0.58405936,-0.26309597
1735193290.695693,indexFingerTipParent,1.0,3.9203975e-08,1.9339648e-08,1.3124595e-09,0.99999994,1.6836221e-09,-7.908223e-09,6.3083725e-08,1.0,-0.022237062,0.0005388651,-0.00049197674
1735193290.695693,indexFingerTipAnchor,0.7037063,0.661743,0.25863728,-0.66183835,0.7429326,-0.10010366,-0.25839302,-0.10073248,0.9607735,-0.169278,-0.0430897,-0.007847551
1735193290.728932,handAnchor,0.33856845,-0.077867016,0.93771416,0.48034704,0.8712336,-0.101086155,-0.80909693,0.48465276,0.33237544,0.13264894,0.5845295,-0.26333916
1735193290.728932,indexFingerTipParent,1.0000001,1.2011725e-09,-1.9678332e-08,1.2011725e-09,1.0,1.5790228e-08,-6.035691e-09,2.3648624e-08,1.0,-0.022289366,0.0005318504,-0.00049676
1735193290.728932,indexFingerTipAnchor,0.70655805,0.6573774,0.26197526,-0.6573759,0.74677473,-0.100919954,-0.26197886,-0.10091034,0.95978355,-0.16937003,-0.04312029,-0.008537767
1735193290.762347,handAnchor,0.33615237,-0.071922235,0.93905735,0.4778075,0.8722588,-0.104233555,-0.81160426,0.48372695,0.32757682,0.13235919,0.58473665,-0.26377356
1735193290.762347,indexFingerTipParent,1.0,-5.395048e-09,-2.1764201e-08,1.0366573e-08,1.0000001,-1.6585265e-08,-3.3483403e-09,-3.6603254e-10,1.0,-0.022311777,0.00052160025,-0.00050388277
1735193290.762347,indexFingerTipAnchor,0.7157354,0.6490648,0.25775528,-0.64932716,0.7543584,-0.09653042,-0.25709444,-0.09827722,0.961376,-0.16977903,-0.042839434,-0.0079563055
1735193290.795717,handAnchor,0.33873883,-0.079195485,0.93754137,0.4765642,0.87361646,-0.0983896,-0.8112596,0.4801271,0.3336697,0.13220766,0.58484876,-0.26401806
1735193290.795717,indexFingerTipParent,1.0,7.5108595e-09,-3.9738154e-08,-2.2291463e-08,1.0,1.2247767e-08,1.753292e-08,1.25938655e-08,1.0,-0.02230218,0.0005134167,-0.0005123913
1735193290.795717,indexFingerTipAnchor,0.70902205,0.6552892,0.26054576,-0.6577764,0.74774265,-0.09061653,-0.2542011,-0.10713164,0.9611996,-0.16922772,-0.043704804,-0.008487584
1735193290.831057,handAnchor,0.33650607,-0.076370165,0.9385793,0.47767466,0.8727991,-0.10024146,-0.81153584,0.4820674,0.3301823,0.13195032,0.5852182,-0.2641496
1735193290.831057,indexFingerTipParent,1.0,-1.8809345e-08,-8.747776e-10,4.07953e-08,1.0,1.5357017e-08,4.499072e-08,7.286374e-09,1.0,-0.022333503,0.0005205814,-0.0005097985
1735193290.831057,indexFingerTipAnchor,0.70989233,0.6554227,0.25782502,-0.6545121,0.7491113,-0.1022062,-0.260128,-0.096194156,0.9607707,-0.16946909,-0.043809026,-0.008229766
1735193290.862387,handAnchor,0.33501,-0.078214824,0.93896264,0.47949243,0.8720073,-0.09843937,-0.8110829,0.48320368,0.32963464,0.13171664,0.5855621,-0.26420596
1735193290.862387,indexFingerTipParent,1.0,6.265674e-09,-1.5475166e-08,-2.1133495e-09,1.0000001,2.2984352e-08,9.813675e-09,2.7497833e-08,1.0,-0.022287905,0.00051892176,-0.0005130619
1735193290.862387,indexFingerTipAnchor,0.70563567,0.6602455,0.25720394,-0.6603955,0.74436325,-0.09900188,-0.2568188,-0.09999704,0.96127236,-0.16920778,-0.044339556,-0.008215804
1735193290.8955688,handAnchor,0.33508533,-0.079617664,0.93881786,0.48145288,0.8709787,-0.09797692,-0.8098896,0.48482722,0.33018428,0.13178694,0.5853683,-0.2646379
1735193290.8955688,indexFingerTipParent,1.0,-3.2037804e-09,-6.908131e-09,-1.6836474e-08,1.0,4.752547e-09,-4.371195e-09,-1.4785584e-08,1.0,-0.022265434,0.0005175695,-0.00051639974
1735193290.8955688,indexFingerTipAnchor,0.7028971,0.662974,0.2576837,-0.6638671,0.7415361,-0.09697506,-0.2553738,-0.10290438,0.9613503,-0.16901803,-0.04463375,-0.008148287
1735193290.92904,handAnchor,0.33799452,-0.07853872,0.93786544,0.48527226,0.8683736,-0.10216641,-0.8063935,0.4896517,0.3316182,0.13187608,0.585587,-0.26484174
1735193290.92904,indexFingerTipParent,0.99999994,-1.5491217e-09,1.9802503e-08,-1.8596182e-09,0.9999999,-6.247429e-10,1.5346387e-08,1.6504476e-08,0.99999994,-0.022224933,0.0005200673,-0.0005168319
1735193290.92904,indexFingerTipAnchor,0.7034306,0.661648,0.25962988,-0.6612436,0.7431581,-0.10233761,-0.26065764,-0.09969123,0.9602705,-0.1689447,-0.044464488,-0.008475045
1735193290.962189,handAnchor,0.3347739,-0.07746309,0.93910927,0.48182595,0.8705477,-0.099953674,-0.8097967,0.485949,0.32876036,0.1317564,0.5858323,-0.26490897
1735193290.962189,indexFingerTipParent,1.0,2.637215e-10,-1.972716e-08,-2.052718e-08,1.0,-2.6072902e-08,-3.169334e-08,-5.2920466e-08,1.0,-0.022218674,0.0005150568,-0.00052286685
1735193290.962189,indexFingerTipAnchor,0.7013346,0.66570306,0.25489086,-0.6674079,0.7388319,-0.09324116,-0.25039244,-0.10472289,0.9624636,-0.16887835,-0.044828184,-0.007886067
1735193290.9955258,handAnchor,0.33573073,-0.07855734,0.9386764,0.4842778,0.8691261,-0.10047203,-0.80793536,0.48831177,0.32983598,0.13208863,0.5853968,-0.26557422
1735193290.9955258,indexFingerTipParent,0.9999999,1.4747918e-08,2.2165352e-08,1.3881394e-08,0.9999999,-2.825172e-08,7.0531954e-09,-3.2997228e-08,0.99999994,-0.02221495,0.00052076764,-0.0005211681
1735193290.9955258,indexFingerTipAnchor,0.69784164,0.66859,0.2569127,-0.6686832,0.73668027,-0.10081994,-0.25667006,-0.101436906,0.96116126,-0.16861108,-0.04502984,-0.008052263
1735193291.028864,handAnchor,0.33569193,-0.0782013,0.9387202,0.4839078,0.86931425,-0.10062901,-0.8081735,0.4880343,0.329664,0.13211721,0.5853878,-0.26567137
1735193291.028864,indexFingerTipParent,1.0000001,-2.3190226e-07,-3.1897798e-08,7.622854e-08,1.0,1.5179103e-07,1.2917737e-07,-1.5004935e-07,1.0000002,-0.022211622,0.0005217808,-0.0005211242
1735193291.028864,indexFingerTipAnchor,0.6970358,0.669371,0.2570675,-0.6693783,0.7359732,-0.10136934,-0.25704846,-0.101417266,0.96106213,-0.16855903,-0.045038573,-0.008023678
1735193291.040045,handAnchor,0.33546788,-0.077484414,0.93885976,0.4829525,0.869828,-0.10077861,-0.8088376,0.4872326,0.3292208,0.13210389,0.5854473,-0.2657038
1735193291.040045,indexFingerTipParent,1.0,-1.9822157e-07,5.520796e-08,1.1411254e-07,1.0000001,9.566993e-08,-6.641494e-08,-3.1868694e-09,0.99999976,-0.022207284,0.00052138057,-0.0005206947
1735193291.040045,indexFingerTipAnchor,0.6964545,0.67000806,0.25698256,-0.6701668,0.73531985,-0.10090068,-0.2565689,-0.101948395,0.96113396,-0.16852698,-0.04501731,-0.00795209
1735193291.051188,handAnchor,0.33506355,-0.076409616,0.9390923,0.48140666,0.870668,-0.100921355,-0.8099261,0.48590025,0.32851318,0.13204932,0.5855748,-0.26567346
1735193291.051188,indexFingerTipParent,0.99999994,-1.02629e-07,-4.1899478e-10,1.0906013e-07,1.0,9.373596e-08,8.899999e-09,-1.07775215e-07,1.0000001,-0.022201903,0.000520242,-0.0005202974
1735193291.051188,indexFingerTipAnchor,0.6960671,0.6705388,0.2566474,-0.67107916,0.734687,-0.099436134,-0.25523138,-0.10301664,0.96137637,-0.16851388,-0.044966757,-0.007838877
1735193291.06247,handAnchor,0.33514613,-0.07578609,0.9391131,0.48100576,0.8708357,-0.10138285,-0.81013,0.48569688,0.32831082,0.13203478,0.5856292,-0.26572233
1735193291.06247,indexFingerTipParent,1.0,-8.7110955e-08,2.54513e-08,1.8956308e-07,1.0,9.610085e-08,-2.5804916e-08,-5.7924336e-08,1.0,-0.022200992,0.00051969266,-0.00052022276
1735193291.06247,indexFingerTipAnchor,0.6961836,0.67023826,0.25711632,-0.6707101,0.73497057,-0.099829786,-0.2558826,-0.10295068,0.96121013,-0.1684949,-0.044931807,-0.007856873
1735193291.073381,handAnchor,0.33537415,-0.07519322,0.9390793,0.4808406,0.87085557,-0.101992555,-0.81013346,0.4857532,0.32821843,0.13201773,0.5856842,-0.26577628
1735193291.073381,indexFingerTipParent,1.0000001,-1.1717536e-07,2.5283953e-08,1.06162354e-07,1.0,-9.0221874e-10,-1.2716873e-07,2.566441e-08,1.0000001,-0.022201505,0.000519332,-0.00051968585
1735193291.073381,indexFingerTipAnchor,0.696624,0.66949344,0.25786424,-0.6697981,0.7356952,-0.10061694,-0.25707182,-0.102624774,0.960928,-0.16848284,-0.044888873,-0.007916596
1735193291.0844002,handAnchor,0.33575115,-0.07463873,0.9389891,0.48093513,0.8707141,-0.10275464,-0.80992156,0.48609278,0.32823965,0.13199925,0.5857381,-0.26583707
1735193291.0844002,indexFingerTipParent,0.99999994,3.926863e-09,1.3808399e-07,2.8450213e-08,0.99999994,-8.407818e-08,-1.876615e-07,1.2869714e-07,0.9999999,-0.02220364,0.00051887607,-0.0005190895
1735193291.0844002,indexFingerTipAnchor,0.6974037,0.6682852,0.2588878,-0.6683163,0.7368769,-0.10181175,-0.25880772,-0.10201503,0.9605266,-0.16847749,-0.044838537,-0.008019483
1735193291.0956259,handAnchor,0.3359365,-0.07359318,0.9390054,0.4805906,0.8707937,-0.10368784,-0.8100492,0.48610958,0.32789952,0.13198169,0.58583546,-0.26587796
1735193291.0956259,indexFingerTipParent,1.0,-9.350595e-08,5.2812215e-08,1.4194431e-07,1.0,-7.2361e-08,-5.5312537e-08,-1.5405101e-08,1.0000001,-0.022219354,0.0005193242,-0.00051867455
1735193291.0956259,indexFingerTipAnchor,0.69770586,0.66765094,0.2597076,-0.66754997,0.73747444,-0.102507904,-0.2599673,-0.10184746,0.96023095,-0.16853122,-0.04478701,-0.008069515
1735193291.106667,handAnchor,0.336105,-0.07233349,0.9390427,0.4801742,0.87089217,-0.10478142,-0.8102259,0.48612165,0.32744387,0.1319639,0.585953,-0.26591298
1735193291.106667,indexFingerTipParent,1.0000001,-9.3242875e-08,1.3772251e-07,1.3270459e-07,1.0000002,-4.3698137e-08,-9.969069e-09,-5.1335713e-09,1.0000001,-0.02224237,0.00051993993,-0.00051810656
1735193291.106667,indexFingerTipAnchor,0.6979599,0.667045,0.2605829,-0.66682744,0.73803645,-0.10317107,-0.26113918,-0.10175454,0.95992345,-0.16861686,-0.044731185,-0.008116579
1735193291.117753,handAnchor,0.33625445,-0.070852675,0.9391021,0.47967556,0.87101513,-0.10603672,-0.81045926,0.4861196,0.326869,0.13194579,0.5860913,-0.26594177
1735193291.117753,indexFingerTipParent,1.0000002,-2.8022268e-07,4.7912255e-08,1.5219409e-07,1.0000001,2.6871069e-08,6.639403e-10,-7.4098274e-08,1.0000002,-0.022272885,0.00052110804,-0.0005174221
1735193291.117753,indexFingerTipAnchor,0.6981532,0.66648364,0.2614993,-0.66616535,0.7385456,-0.103798665,-0.26230925,-0.10173439,0.95960635,-0.16873495,-0.04467071,-0.008159635
1735193291.1289291,handAnchor,0.33622894,-0.069626085,0.939203,0.4806986,0.8702626,-0.107571796,-0.8098635,0.4876423,0.3260766,0.13194528,0.586125,-0.2660166
1735193291.1289291,indexFingerTipParent,1.0000004,-1.5569395e-07,-9.054044e-08,1.7471355e-07,1.0000004,5.5016226e-08,1.1410877e-07,-3.9447506e-10,1.0000002,-0.022299998,0.00052147574,-0.00051648886
1735193291.1289291,indexFingerTipAnchor,0.6994128,0.6645431,0.26306775,-0.6638379,0.74040776,-0.10543359,-0.26484242,-0.10089266,0.9589992,-0.16883934,-0.044548906,-0.008224101
1735193291.140029,handAnchor,0.336133,-0.068405904,0.93932724,0.48240232,0.8690998,-0.10933334,-0.80888987,0.48988408,0.32513225,0.13195306,0.58611953,-0.2661102
1735193291.140029,indexFingerTipParent,0.99999976,-3.3734974e-08,-1.3672802e-07,-1.8865805e-07,0.9999999,1.4694449e-08,1.4098235e-07,-6.429152e-08,0.9999998,-0.02232944,0.0005225971,-0.0005158416
1735193291.140029,indexFingerTipAnchor,0.7011289,0.66198134,0.26494956,-0.66074413,0.742865,-0.1075539,-0.26802045,-0.09965481,0.9582449,-0.16895424,-0.044393264,-0.008299649
1735193291.151001,handAnchor,0.3359491,-0.067195974,0.93948025,0.4848064,0.86750925,-0.111313835,-0.80752784,0.4928617,0.32401597,0.13196936,0.5860734,-0.26622325
1735193291.151001,indexFingerTipParent,1.0000002,1.791836e-07,-5.9012223e-08,-1.4735964e-07,1.0000001,-6.144439e-08,4.368524e-09,4.194145e-08,1.0000001,-0.022361174,0.0005234954,-0.0005149089
1735193291.151001,indexFingerTipAnchor,0.7033266,0.6587524,0.26716468,-0.65683544,0.745947,-0.11013686,-0.27184367,-0.098021016,0.9573362,-0.16907895,-0.04420429,-0.008383604
1735193291.1624289,handAnchor,0.33615682,-0.0662036,0.93947655,0.48465282,0.86746985,-0.11228556,-0.8075337,0.49306542,0.3236917,0.13197052,0.58615816,-0.26628086
1735193291.1624289,indexFingerTipParent,1.0000001,5.340432e-08,7.802218e-08,-4.9450644e-08,1.0000001,-6.501927e-08,-1.5294565e-07,9.53135e-08,1.0000001,-0.022356115,0.0005211537,-0.00051622593
1735193291.1624289,indexFingerTipAnchor,0.70410496,0.6579952,0.2669793,-0.6563468,0.74654996,-0.10895797,-0.27100724,-0.09851315,0.9575226,-0.16910367,-0.044067197,-0.008374463
1735193291.17359,handAnchor,0.33649465,-0.06531626,0.93941724,0.48364568,0.8679527,-0.112892054,-0.80799615,0.49233282,0.3236514,0.13196899,0.5862842,-0.26632223
1735193291.17359,indexFingerTipParent,0.99999976,3.2214697e-08,-5.1129792e-08,6.601388e-09,0.99999994,-4.358522e-08,-6.1566e-08,-1.0403166e-08,1.0,-0.022334635,0.0005183895,-0.00051966414
1735193291.17359,indexFingerTipAnchor,0.7044429,0.658123,0.26577163,-0.6571084,0.74626905,-0.10626228,-0.26827073,-0.09978521,0.9581618,-0.16908588,-0.04393803,-0.008324201
1735193291.184472,handAnchor,0.33697617,-0.064539656,0.9392985,0.48174483,0.8689797,-0.11311937,-0.8089307,0.49062073,0.32391703,0.13196434,0.5864535,-0.26634634
1735193291.184472,indexFingerTipParent,1.0000001,-1.1689751e-08,-2.9266727e-09,-9.009264e-08,0.99999994,-5.3747872e-08,5.3963976e-08,1.1556648e-08,1.0000001,-0.022296205,0.0005142945,-0.0005242532
1735193291.184472,indexFingerTipAnchor,0.70432657,0.6591377,0.2635555,-0.6591259,0.74508697,-0.10197106,-0.26358467,-0.101895355,0.95923954,-0.16902386,-0.04381749,-0.008233597
1735193291.195589,handAnchor,0.33785844,-0.06499339,0.9389501,0.48147032,0.8691364,-0.113084465,-0.80872613,0.4902832,0.32493737,0.1319934,0.5865189,-0.26640183
1735193291.195589,indexFingerTipParent,1.0,3.976321e-08,4.0838666e-11,-3.053404e-08,0.9999999,-1.25423645e-08,7.587876e-08,4.2089923e-08,1.0,-0.022275075,0.0005125239,-0.0005246677
1735193291.195589,indexFingerTipAnchor,0.70356095,0.6597079,0.26417264,-0.6597678,0.7445031,-0.102084145,-0.2640231,-0.10247016,0.9590575,-0.16893339,-0.04376913,-0.008347303
1735193291.206644,handAnchor,0.3389735,-0.066116326,0.9384698,0.48152077,0.86915964,-0.11269112,-0.80822927,0.490092,0.32645836,0.13203715,0.58655673,-0.2664636
1735193291.206644,indexFingerTipParent,0.99999964,2.3487916e-08,-7.783829e-08,4.502139e-08,0.99999964,-4.4887855e-08,7.702236e-09,9.452478e-08,0.99999964,-0.022253608,0.0005117052,-0.0005250718
1735193291.206644,indexFingerTipAnchor,0.70222753,0.660575,0.26554975,-0.660448,0.7437028,-0.103508234,-0.26586518,-0.10269557,0.9585242,-0.16880499,-0.04376582,-0.008533866
1735193291.2180219,handAnchor,0.34034732,-0.06790385,0.9378447,0.4819196,0.8690319,-0.11196893,-0.80741376,0.49007407,0.32849684,0.13209589,0.5865655,-0.26653206
1735193291.2180219,indexFingerTipParent,1.0,-1.3818203e-07,5.646089e-11,2.079455e-07,1.0000002,-2.3797742e-09,-2.7719988e-08,2.7307706e-08,1.0000001,-0.022232126,0.00051149004,-0.0005245873
1735193291.2180219,indexFingerTipAnchor,0.7003347,0.6616842,0.26777834,-0.66109896,0.7427315,-0.1062937,-0.2692203,-0.10258689,0.9575995,-0.16863976,-0.043803666,-0.008798273
1735193291.228893,handAnchor,0.34075546,-0.068462156,0.93765604,0.48227996,0.8688502,-0.111828014,-0.8070266,0.4903186,0.32908353,0.13209721,0.58662367,-0.26659328
1735193291.228893,indexFingerTipParent,0.9999999,-1.425266e-08,2.9881754e-08,1.12118244e-07,0.9999998,8.936598e-09,-2.0278597e-08,1.0513804e-08,0.99999994,-0.022212936,0.0005100679,-0.00052573415
1735193291.228893,indexFingerTipAnchor,0.6997184,0.6623187,0.26782042,-0.66160136,0.74219406,-0.10691532,-0.26958698,-0.102379665,0.9575181,-0.16852799,-0.04381865,-0.008839725
1735193291.23988,handAnchor,0.34082273,-0.06878382,0.9376078,0.48279908,0.868568,-0.11177974,-0.80668753,0.49077326,0.3292367,0.13207859,0.5866906,-0.26665437
1735193291.23988,indexFingerTipParent,0.9999998,4.590783e-08,-8.0090544e-08,6.1050926e-08,0.99999994,-4.2485944e-08,1.6836529e-07,-2.2109568e-08,0.9999998,-0.022194894,0.00050894055,-0.0005273644
1735193291.23988,indexFingerTipAnchor,0.69940615,0.6628846,0.26723564,-0.6620539,0.74174875,-0.10720646,-0.26928726,-0.10194351,0.95764905,-0.16842255,-0.04384675,-0.008813501
1735193291.2521992,handAnchor,0.34054524,-0.06884198,0.9377046,0.48347455,0.868184,-0.11184498,-0.80640024,0.4914445,0.32893935,0.13203931,0.586767,-0.2667152
1735193291.2521992,indexFingerTipParent,0.9999999,4.3176936e-08,-2.5149534e-08,-5.1123774e-08,1.0,2.412443e-10,-8.879766e-09,3.585345e-08,0.99999994,-0.02217808,0.0005076583,-0.0005292619
1735193291.2521992,indexFingerTipAnchor,0.6994324,0.6633505,0.26600665,-0.6624322,0.74142224,-0.10712677,-0.26828584,-0.10128348,0.95799994,-0.16832462,-0.043885365,-0.008717421
1735193291.262497,handAnchor,0.3405445,-0.06884064,0.93770474,0.48347166,0.8681852,-0.11184448,-0.8064022,0.49144173,0.32893813,0.1320397,0.58676684,-0.26671496
1735193291.262497,indexFingerTipParent,1.0000001,6.2215015e-08,-6.010394e-08,-9.961896e-08,1.0000001,-5.174809e-08,4.263175e-08,1.6434415e-08,1.0000001,-0.022177989,0.0005076162,-0.00052931195
1735193291.262497,indexFingerTipAnchor,0.6994273,0.6633587,0.26600194,-0.6624424,0.7414149,-0.107118815,-0.26827583,-0.10128914,0.9580027,-0.1683247,-0.04388503,-0.008717034
1735193291.27373,handAnchor,0.33978227,-0.069013335,0.93796855,0.4842258,0.86780137,-0.11156183,-0.80627126,0.49209526,0.3282815,0.13201696,0.58682466,-0.26675045
1735193291.27373,indexFingerTipParent,1.0,-6.327198e-08,1.9740112e-07,-5.595061e-08,0.99999994,-3.992641e-08,-5.5626916e-09,5.9998115e-08,1.0000001,-0.022158004,0.000507333,-0.00053131016
1735193291.27373,indexFingerTipAnchor,0.69870454,0.66482276,0.26423934,-0.66381425,0.7401953,-0.10705774,-0.26676324,-0.100604065,0.9584968,-0.16822347,-0.043968316,-0.008559586
1735193291.2844338,handAnchor,0.3386058,-0.06910791,0.93838704,0.48509696,0.8673659,-0.11116384,-0.8062426,0.49284944,0.32721904,0.13199204,0.5868781,-0.26677334
1735193291.2844338,indexFingerTipParent,1.0000001,3.987327e-08,5.467321e-08,-2.478363e-07,1.0000001,-2.0908418e-08,-6.638628e-08,1.1414231e-08,1.0000002,-0.022136984,0.0005074213,-0.00053339166
1735193291.2844338,indexFingerTipAnchor,0.69777346,0.66672873,0.26188764,-0.66564053,0.7385891,-0.106811136,-0.26464134,-0.09979306,0.95916957,-0.168124,-0.04407901,-0.008336579
1735193291.2955651,handAnchor,0.3365246,-0.0691085,0.93913543,0.48609707,0.8669044,-0.11039208,-0.80651164,0.49366063,0.32532805,0.13198233,0.5869224,-0.26687118
1735193291.2955651,indexFingerTipParent,1.0000001,6.7220974e-08,2.7381827e-08,-8.377582e-08,1.0,-5.4009174e-08,9.087762e-08,1.8742867e-08,1.0,-0.022110928,0.00050616544,-0.0005385553
1735193291.2955651,indexFingerTipAnchor,0.6958515,0.67039627,0.25760385,-0.66958576,0.7352975,-0.10484401,-0.2597025,-0.099531926,0.9605456,-0.1679739,-0.0442894,-0.00789848
1735193291.3280668,handAnchor,0.33634347,-0.069048256,0.93920463,0.48570648,0.8671492,-0.11018792,-0.8068223,0.49323878,0.32519716,0.1320197,0.5868897,-0.26698914
1735193291.3280668,indexFingerTipParent,1.0,5.2831364e-08,-1.300182e-10,-1.03701936e-07,0.99999994,-9.6420656e-08,-1.1142981e-08,1.009625e-07,1.0,-0.022114273,0.0005047936,-0.0005406286
1735193291.3280668,indexFingerTipAnchor,0.6951077,0.67149174,0.2567573,-0.6712205,0.7341055,-0.10272468,-0.25746572,-0.10093607,0.9610015,-0.16794422,-0.044345688,-0.0077809133
1735193291.3283,handAnchor,0.33648723,-0.0689359,0.9391614,0.48490083,0.8676178,-0.110048056,-0.8072469,0.49242988,0.32536936,0.13207763,0.58682853,-0.26713833
1735193291.3283,indexFingerTipParent,1.0,-4.186305e-08,-2.0630344e-09,2.999613e-08,1.0,-6.915816e-08,2.9703354e-08,6.419999e-08,0.99999994,-0.022125581,0.0005028981,-0.00054289226
1735193291.3283,indexFingerTipAnchor,0.6944396,0.6723208,0.2563956,-0.6727861,0.73304987,-0.09998326,-0.25517154,-0.10306704,0.96138674,-0.16793801,-0.04438393,-0.0076971687
1735193291.32884,handAnchor,0.33588326,-0.06821651,0.93943,0.48512655,0.86743873,-0.11046302,-0.8073626,0.49284524,0.32445183,0.13206023,0.58689,-0.26718828
1735193291.32884,indexFingerTipParent,1.0000001,-1.5571337e-07,5.1484676e-08,1.3688074e-07,1.0000001,-5.7229045e-08,-8.717328e-08,9.567023e-08,1.0000001,-0.022142036,0.0005034071,-0.00054240105
1735193291.32884,indexFingerTipAnchor,0.69396967,0.67293835,0.25604635,-0.67309546,0.7326091,-0.10112631,-0.25563374,-0.10216501,0.96136045,-0.1679691,-0.044451244,-0.0076228306
1735193291.339923,handAnchor,0.3350486,-0.067151874,0.93980503,0.4857029,0.86702144,-0.11120597,-0.8073633,0.49372533,0.32311016,0.13201278,0.58700275,-0.26720053
1735193291.339923,indexFingerTipParent,1.0,2.8876434e-08,8.499473e-08,2.364525e-08,0.99999994,-9.769514e-08,8.3447524e-08,-3.2442912e-08,0.99999994,-0.02216488,0.0005064976,-0.00054110674
1735193291.339923,indexFingerTipAnchor,0.6936019,0.67336893,0.25591025,-0.67275494,0.73251235,-0.10404745,-0.2575196,-0.099997364,0.9610846,-0.16803122,-0.044524584,-0.007571283
1735193291.3510718,handAnchor,0.3339923,-0.065749854,0.9402799,0.48660678,0.866378,-0.112263046,-0.8072565,0.49504152,0.32135788,0.13193679,0.5871643,-0.26717708
1735193291.3510718,indexFingerTipParent,1.0,-5.0129383e-08,1.3786484e-07,-5.3365232e-09,1.0000001,-1.2543751e-08,-8.645916e-08,2.5537755e-08,1.0000001,-0.02219423,0.0005112551,-0.0005386727
1735193291.3510718,indexFingerTipAnchor,0.6933605,0.6735792,0.25601217,-0.67174315,0.7327709,-0.10866341,-0.26079166,-0.09663148,0.9605467,-0.16812447,-0.044603538,-0.007541774
1735193291.36444,handAnchor,0.33339176,-0.06537509,0.9405191,0.48790258,0.8655813,-0.11278362,-0.8067224,0.4964828,0.3204743,0.13192677,0.58724725,-0.26722342
1735193291.36444,indexFingerTipParent,0.99999976,-9.60204e-08,1.1470602e-07,9.293833e-08,0.99999976,8.7725205e-09,-1.5153582e-07,3.0382136e-08,0.99999976,-0.022202225,0.000511908,-0.0005396199
1735193291.36444,indexFingerTipAnchor,0.6926735,0.6742655,0.25606486,-0.67241377,0.73212236,-0.10888557,-0.2608888,-0.09675938,0.9605074,-0.1680882,-0.044727743,-0.0075290697
1735193291.373505,handAnchor,0.33294824,-0.06536988,0.9406766,0.4895535,0.8645955,-0.11319244,-0.8059053,0.4981987,0.3198675,0.13193804,0.5873119,-0.26728976
1735193291.373505,indexFingerTipParent,0.99999994,1.6154539e-08,8.4917524e-08,5.2931732e-08,0.99999994,-1.1806999e-09,3.0842614e-08,-2.106908e-08,0.9999999,-0.022201875,0.00051187165,-0.0005408863
1735193291.373505,indexFingerTipAnchor,0.6917865,0.6751055,0.25624838,-0.67366946,0.73115724,-0.10760208,-0.26000077,-0.098189,0.960603,-0.1679988,-0.044874698,-0.00753822
1735193291.384654,handAnchor,0.33263347,-0.06572433,0.94076324,0.49156192,0.8634166,-0.11348488,-0.80481184,0.50019217,0.3195086,0.13196915,0.5873602,-0.26737446
1735193291.384654,indexFingerTipParent,0.99999976,-5.891644e-08,-8.2519364e-08,-1.0118695e-08,1.0,8.489587e-08,3.1581557e-08,-5.6639603e-08,0.99999994,-0.02219378,0.0005106295,-0.0005431607
1735193291.384654,indexFingerTipAnchor,0.6907244,0.6760838,0.2565344,-0.6754637,0.7298937,-0.104898155,-0.25816283,-0.10082403,0.96082586,-0.16785802,-0.045046914,-0.007567932
1735193291.395811,handAnchor,0.33263123,-0.065993086,0.9407451,0.49160585,0.8634217,-0.11325445,-0.8047858,0.5001478,0.3196436,0.13197316,0.5874334,-0.2674569
1735193291.395811,indexFingerTipParent,1.0,2.6911328e-08,-1.6557343e-07,-1.7231262e-07,1.0,1.00909084e-07,1.5485676e-07,-1.9748821e-08,1.0,-0.0221947,0.0005079052,-0.00054569566
1735193291.395811,indexFingerTipAnchor,0.6899128,0.67680585,0.2568149,-0.6768563,0.7289203,-0.10266474,-0.25668192,-0.10299711,0.960992,-0.16778944,-0.045158543,-0.0076018684
1735193291.406709,handAnchor,0.33287662,-0.06637662,0.9406313,0.4907818,0.8639608,-0.11271469,-0.80518705,0.49916482,0.32016873,0.13197222,0.58751196,-0.26754677
1735193291.406709,indexFingerTipParent,1.0,7.294611e-08,-5.5035343e-08,-6.602553e-08,1.0000001,1.2959208e-07,8.2392944e-08,-1.0662916e-07,1.0000001,-0.0221966,0.0005052008,-0.00054759096
1735193291.406709,indexFingerTipAnchor,0.6891032,0.6774856,0.25719684,-0.6783192,0.7279267,-0.10003192,-0.25499058,-0.1055292,0.9611678,-0.16773558,-0.04524666,-0.00764951
1735193291.417728,handAnchor,0.33335194,-0.066887975,0.9404266,0.48912475,0.8650116,-0.11185535,-0.80599827,0.49727318,0.32106987,0.13196705,0.5875954,-0.26764446
1735193291.417728,indexFingerTipParent,1.0000001,2.9042049e-09,-1.5104844e-09,3.9775472e-08,1.0000001,5.6660326e-08,5.912455e-09,-7.512421e-08,1.0000001,-0.022199318,0.00050134957,-0.00054980104
1735193291.417728,indexFingerTipAnchor,0.6883295,0.67810553,0.25763503,-0.6798403,0.7269242,-0.09694813,-0.2530221,-0.1084183,0.96136636,-0.1676938,-0.0453154,-0.00770929
1735193291.428885,handAnchor,0.33347616,-0.06632549,0.9404225,0.48621598,0.8667233,-0.111285776,-0.80770516,0.49435973,0.3212802,0.13192186,0.58770764,-0.26768282
1735193291.428885,indexFingerTipParent,0.9999999,-1.1887001e-07,8.456406e-08,-8.799616e-09,0.9999999,8.309269e-08,-5.509936e-08,-3.3308684e-08,0.9999998,-0.022213522,0.0004986482,-0.0005517373
1735193291.428885,indexFingerTipAnchor,0.6880265,0.6789376,0.25624907,-0.6809803,0.726072,-0.09531811,-0.2507703,-0.10891919,0.96189976,-0.1677203,-0.045351185,-0.0076263547
1735193291.439939,handAnchor,0.3335597,-0.06523808,0.9404689,0.48223785,0.86901075,-0.110755965,-0.8100521,0.49047345,0.32132733,0.13185355,0.58783746,-0.26769352
1735193291.439939,indexFingerTipParent,1.0000001,-5.861746e-08,8.5209905e-08,9.046826e-08,1.0,1.2201696e-08,-8.173503e-08,-2.0633882e-08,0.9999999,-0.022234144,0.0004962424,-0.0005538959
1735193291.439939,indexFingerTipAnchor,0.6880042,0.6798263,0.2539422,-0.68192065,0.72532886,-0.09424651,-0.24826287,-0.108326316,0.9626166,-0.16779017,-0.045353588,-0.0074783433
1735193291.451046,handAnchor,0.33357486,-0.06365867,0.9405718,0.47719085,0.8718593,-0.110228166,-0.81302935,0.48560163,0.32120773,0.13176268,0.5879844,-0.26767766
1735193291.451046,indexFingerTipParent,1.0,-6.332585e-08,-2.7586719e-08,1.1298649e-07,1.0,5.2978102e-08,3.038808e-08,-2.8046992e-08,0.9999999,-0.022261089,0.00049394136,-0.00055599544
1735193291.451046,indexFingerTipAnchor,0.68824273,0.6807763,0.25072995,-0.68268585,0.7246805,-0.09369257,-0.24548273,-0.1066865,0.9635123,-0.1679016,-0.045327704,-0.0072634798
1735193291.46227,handAnchor,0.33400837,-0.061689295,0.94054925,0.47370023,0.87367356,-0.110917754,-0.8148905,0.4825858,0.3210364,0.1317169,0.58814275,-0.26765996
1735193291.46227,indexFingerTipParent,1.0,-1.5860403e-09,-1.1217191e-07,3.255143e-08,1.0,9.85101e-08,1.2426743e-07,-5.993099e-08,1.0000002,-0.022259504,0.0004956112,-0.0005537809
1735193291.46227,indexFingerTipAnchor,0.6871464,0.68279904,0.24822411,-0.6838883,0.72321606,-0.09620323,-0.24520722,-0.10365188,0.9639138,-0.16797006,-0.04521446,-0.007102851
1735193291.473373,handAnchor,0.3346985,-0.059302095,0.9404574,0.4705393,0.87520725,-0.11227216,-0.8164372,0.4800995,0.32083464,0.13168487,0.58831537,-0.2676291
1735193291.473373,indexFingerTipParent,1.0000001,1.7089486e-07,-1.396337e-07,-1.3057469e-07,1.0,1.48620085e-08,2.9766074e-08,-6.1275687e-09,1.0,-0.022245914,0.0004999796,-0.0005523603
1735193291.473373,indexFingerTipAnchor,0.6854619,0.68544537,0.24557558,-0.6852557,0.72131944,-0.100615054,-0.24610463,-0.09931437,0.96414185,-0.16803508,-0.045038722,-0.006952524
1735193291.48683,handAnchor,0.3355825,-0.056476876,0.94031644,0.46766865,0.8764878,-0.114259474,-0.8177228,0.47809994,0.3205463,0.1316652,0.58850205,-0.26758444
1735193291.48683,indexFingerTipParent,1.0000004,1.06767764e-07,-8.5976325e-08,-8.243061e-08,1.0000002,6.005599e-08,1.472895e-08,-3.0035316e-08,1.0000002,-0.022221487,0.0005063545,-0.0005497028
1735193291.48683,indexFingerTipAnchor,0.6832118,0.68867284,0.24279954,-0.6867615,0.7189869,-0.10685036,-0.24815461,-0.09374397,0.9641742,-0.16809791,-0.044803448,-0.006800974
1735193291.495925,handAnchor,0.33696514,-0.05880588,0.9396787,0.46603632,0.8776229,-0.11219648,-0.8180858,0.47573075,0.32313412,0.13170609,0.5884138,-0.26766542
1735193291.495925,indexFingerTipParent,0.99999994,1.9374315e-07,-1.6620382e-07,-1.4485805e-07,1.0,-5.4557972e-08,2.0239345e-07,-9.1839034e-08,1.0,-0.022201302,0.0005065915,-0.00055335596
1735193291.495925,indexFingerTipAnchor,0.6789928,0.6930216,0.24225998,-0.6909097,0.71478295,-0.10830276,-0.24821931,-0.093842946,0.96414775,-0.1679132,-0.0450313,-0.0069370233
1735193291.507032,handAnchor,0.33868596,-0.06370562,0.9387402,0.4651647,0.8785862,-0.10820233,-0.81787133,0.47331545,0.32719854,0.13178529,0.5881846,-0.26780742
1735193291.507032,indexFingerTipParent,0.99999976,3.0676173e-07,-1.6269261e-07,-3.9296032e-07,0.9999997,-1.2349844e-08,2.0100859e-07,1.0497673e-08,0.99999976,-0.02217806,0.00050522963,-0.00055374805
1735193291.507032,indexFingerTipAnchor,0.6733233,0.6982623,0.24303396,-0.69656295,0.70930666,-0.10809226,-0.24786238,-0.09650731,0.9639763,-0.16759256,-0.045483574,-0.0072178496
1735193291.517945,handAnchor,0.34076813,-0.071047306,0.93745905,0.46508127,0.8793237,-0.1024165,-0.8170535,0.47089493,0.3326882,0.13190173,0.58782035,-0.26800767
1735193291.517945,indexFingerTipParent,0.99999994,2.7477952e-07,-7.977171e-08,-2.239659e-07,1.0,-2.4868909e-08,1.2628676e-07,9.412932e-08,0.99999994,-0.022151275,0.0005019214,-0.0005552568
1735193291.517945,indexFingerTipAnchor,0.66628903,0.7043285,0.24490929,-0.70360464,0.7025874,-0.10635848,-0.24698134,-0.10145378,0.9636948,-0.16714075,-0.046142638,-0.0076425234
1735193291.529211,handAnchor,0.341991,-0.07436304,0.9367564,0.46405217,0.8801971,-0.09954298,-0.81712776,0.46874657,0.33552784,0.13191877,0.587725,-0.26808324
1735193291.529211,indexFingerTipParent,0.99999994,6.3453506e-08,-2.7004202e-08,-3.7021553e-07,1.0,-9.529815e-08,-2.8480371e-09,1.07718776e-07,0.99999994,-0.022127932,0.0004998129,-0.00055643445
1735193291.529211,indexFingerTipAnchor,0.66304713,0.70711267,0.24568227,-0.7062861,0.69968754,-0.10768811,-0.24804859,-0.10211973,0.96335,-0.16689017,-0.046364944,-0.007796649
1735193291.5400472,handAnchor,0.34291753,-0.07666099,0.93623227,0.46285993,0.88106537,-0.097389735,-0.81741583,0.466741,0.33761615,0.1318998,0.5877107,-0.26811907
1735193291.5400472,indexFingerTipParent,0.99999976,1.8186648e-07,5.956065e-08,-1.1494673e-07,0.99999976,-1.400501e-07,-1.0734624e-07,1.1011123e-07,0.9999998,-0.022104772,0.0004989686,-0.00055423845
1735193291.5400472,indexFingerTipAnchor,0.6611437,0.70858884,0.2465569,-0.7073524,0.6982544,-0.10996827,-0.25008187,-0.10169784,0.9628688,-0.16668779,-0.046451166,-0.007872999
1735193291.551042,handAnchor,0.34356257,-0.07807149,0.9358791,0.46154773,0.8819207,-0.095864564,-0.8178868,0.46488827,0.33902866,0.13184753,0.5877697,-0.26811874
1735193291.551042,indexFingerTipParent,0.99999994,-4.663619e-08,2.7910094e-08,-2.4829573e-08,1.0,-1.406075e-08,-5.453353e-08,6.823037e-09,1.0,-0.022081489,0.0004982541,-0.00055148185
1735193291.551042,indexFingerTipAnchor,0.66054666,0.7088241,0.24748027,-0.7068918,0.6982249,-0.11307448,-0.25294682,-0.1002508,0.962272,-0.16652693,-0.04641515,-0.007880059
1735193291.562252,handAnchor,0.34431893,-0.07924952,0.93550205,0.46031705,0.88269496,-0.09464734,-0.81826216,0.4632164,0.34040847,0.13183334,0.58775055,-0.26815182
1735193291.562252,indexFingerTipParent,0.9999999,3.924293e-08,5.731272e-08,7.82545e-08,0.9999999,2.6087202e-08,-3.0988303e-08,-1.3329554e-08,0.99999994,-0.0220678,0.00049812417,-0.0005504461
1735193291.562252,indexFingerTipAnchor,0.65891564,0.7102467,0.24774927,-0.70795846,0.6968535,-0.11484635,-0.2542143,-0.09972217,0.96199304,-0.1663991,-0.046433464,-0.007887246
1735193291.573371,handAnchor,0.3450204,-0.07988875,0.93518925,0.45907012,0.88342386,-0.093898624,-0.818667,0.4617144,0.3414738,0.13182414,0.587724,-0.26818603
1735193291.573371,indexFingerTipParent,1.0000002,-1.0944663e-07,1.6289646e-07,1.634311e-07,1.0000002,-1.2929328e-08,-1.8259585e-07,8.079837e-09,1.0000001,-0.022059238,0.00049858907,-0.0005493709
1735193291.573371,indexFingerTipAnchor,0.6573282,0.7117235,0.24772784,-0.70913434,0.6954159,-0.116296574,-0.25504494,-0.09922724,0.96182424,-0.1663083,-0.046422534,-0.007864952
1735193291.584413,handAnchor,0.3456455,-0.07997758,0.9349508,0.4578054,0.88410956,-0.093619265,-0.8191114,0.46038458,0.34220266,0.13181838,0.58769286,-0.26821995
1735193291.584413,indexFingerTipParent,1.0,-7.5885666e-08,2.3699087e-08,2.3447072e-08,1.0000001,-2.664548e-08,-2.035384e-08,4.2658474e-08,1.0,-0.022055585,0.00049952604,-0.0005485808
1735193291.584413,indexFingerTipAnchor,0.65583956,0.71320826,0.24740288,-0.7103601,0.6939673,-0.11746336,-0.25546533,-0.09870801,0.9617661,-0.16625457,-0.046380244,-0.007810151
1735193291.595605,handAnchor,0.34543842,-0.07946149,0.9350711,0.45779043,0.8840778,-0.093991034,-0.81920695,0.46053472,0.34177116,0.13183416,0.58766884,-0.26823685
1735193291.595605,indexFingerTipParent,1.0000001,1.3505289e-07,-1.9051833e-09,-3.2657045e-08,1.0000002,1.15987234e-07,-7.914898e-08,-3.4751146e-08,1.0000001,-0.02207548,0.0004996711,-0.0005479923
1735193291.595605,indexFingerTipAnchor,0.6574856,0.7116673,0.24747239,-0.70835024,0.6957724,-0.118915126,-0.25681254,-0.09711211,0.9615699,-0.16635613,-0.046276577,-0.007718521
1735193291.6066809,handAnchor,0.34476635,-0.07836379,0.93541193,0.4584535,0.88363206,-0.0949471,-0.81911945,0.46157736,0.34057277,0.1318633,0.58764666,-0.26824436
1735193291.6066809,indexFingerTipParent,0.9999999,3.8890636e-08,-8.094573e-08,2.1726517e-08,0.9999998,9.5956906e-08,1.968156e-07,-1.5462895e-07,0.9999998,-0.022110512,0.00049936597,-0.00054843817
1735193291.6066809,indexFingerTipAnchor,0.6608854,0.7084662,0.24759905,-0.70458066,0.6993359,-0.120391876,-0.25844854,-0.09488831,0.96135306,-0.16655914,-0.04612316,-0.007595469
1735193291.617838,handAnchor,0.3436326,-0.07668551,0.9359678,0.45976022,0.8827877,-0.09646873,-0.8188632,0.4634706,0.33861163,0.13190529,0.587626,-0.26824284
1735193291.617838,indexFingerTipParent,1.0,1.7152455e-09,-3.0340896e-08,7.6344236e-08,1.0,7.1042834e-08,8.1950276e-08,-1.0132732e-07,0.9999999,-0.022160677,0.0004983102,-0.000548761
1735193291.617838,indexFingerTipAnchor,0.6659357,0.7036592,0.24777597,-0.6991118,0.7045481,-0.121877596,-0.2603305,-0.09206057,0.9611204,-0.16686028,-0.04592205,-0.007437271
1735193291.62923,handAnchor,0.34322864,-0.076169014,0.93615824,0.4615834,0.88172317,-0.097492866,-0.8180066,0.46557757,0.33779112,0.13194558,0.58757263,-0.2682861
1735193291.62923,indexFingerTipParent,0.9999997,9.142398e-08,-4.6820656e-08,-1.1127653e-07,0.99999976,4.12386e-08,7.543045e-08,-3.0888142e-08,0.9999997,-0.02219687,0.00049462,-0.0005478732
1735193291.62923,indexFingerTipAnchor,0.6705168,0.69882023,0.24911307,-0.6944209,0.7093571,-0.12079752,-0.26112592,-0.0919926,0.960911,-0.16708478,-0.045782734,-0.007432226
1735193291.640279,handAnchor,0.3430532,-0.07599179,0.9362371,0.46396226,0.88035643,-0.09854756,-0.8167336,0.46818566,0.33726647,0.13199085,0.5875021,-0.26834965
1735193291.640279,indexFingerTipParent,0.9999999,-1.27347795e-08,-8.2706116e-08,-9.123839e-08,0.9999999,1.4656574e-08,1.1615692e-07,-6.662246e-08,0.9999998,-0.022232655,0.0004900349,-0.000552036
1735193291.640279,indexFingerTipAnchor,0.67563725,0.69324356,0.25085303,-0.68936706,0.71468073,-0.118338905,-0.2613175,-0.0929756,0.9607642,-0.1673142,-0.04564759,-0.0074989144
1735193291.6511722,handAnchor,0.34304392,-0.076135255,0.93622863,0.46690834,0.87867576,-0.09962507,-0.8150566,0.4713088,0.33697262,0.13204136,0.5874154,-0.26843208
1735193291.6511722,indexFingerTipParent,0.99999976,1.5139011e-07,-8.0443726e-08,-5.560584e-08,0.9999999,-1.2551116e-08,7.885402e-08,-2.3879291e-08,0.99999994,-0.02226937,0.00048367213,-0.00055699167
1735193291.6511722,indexFingerTipAnchor,0.6812919,0.6868548,0.25312442,-0.6838832,0.720548,-0.114519775,-0.2610466,-0.09508617,0.9606319,-0.16755155,-0.045520026,-0.007629402
1735193291.662214,handAnchor,0.34315482,-0.07666264,0.93614507,0.46822557,0.87796223,-0.0997356,-0.814254,0.47255185,0.33717233,0.13209687,0.58732116,-0.26847154
1735193291.662214,indexFingerTipParent,1.0000001,1.022767e-07,-5.988084e-10,4.7011483e-08,1.0000001,-6.953661e-08,-3.424746e-08,6.518259e-08,1.0,-0.022270028,0.00047806674,-0.00055767875
