time,type,0x,0y,0z,1x,1y,1z,2x,2y,2z,3x,3y,3z
1735198037.02982,contentEntity,1.0,0.0,0.0,0.0,1.0,0.0,0.0,0.0,1.0,0.0,0.0,0.0
1735198037.02982,handAnchor,0.21922942,0.01111003,0.9756101,0.26981497,0.9602491,-0.07156523,-0.9376239,0.2789234,0.20751724,0.38437223,-0.2937141,-0.18304522
1735198037.02982,indexFingerTipParent,1.0,1.5541644e-08,-5.854538e-09,4.1984904e-10,1.0,5.973912e-09,-3.5460146e-09,3.066316e-08,1.0,-0.022304177,0.00032840297,4.8220158e-05
1735198037.02982,indexFingerTipAnchor,0.9172722,0.36124146,0.16767807,-0.36390272,0.9313049,-0.015673766,-0.16182142,-0.04664129,0.9857168,-0.1766727,-0.025093133,0.012403038
1735198037.063147,contentEntity,1.0,0.0,0.0,0.0,1.0,0.0,0.0,0.0,1.0,0.0,0.0,0.0
1735198037.063147,handAnchor,0.21537341,0.01806983,0.97636455,0.2658706,0.9609738,-0.07643261,-0.93964195,0.27604818,0.20216395,0.38437724,-0.2935671,-0.1830309
1735198037.063147,indexFingerTipParent,1.0,1.45786885e-08,5.392053e-09,-1.3831688e-08,1.0,3.30256e-09,-3.9904107e-09,-9.250223e-11,1.0,-0.02242437,0.00033277646,4.476309e-05
1735198037.063147,indexFingerTipAnchor,0.91899973,0.3584025,0.1642769,-0.36189866,0.9321722,-0.009179024,-0.15642412,-0.051016036,0.9863714,-0.17717071,-0.02453821,0.013068788
1735198037.096477,contentEntity,1.0,0.0,0.0,0.0,1.0,0.0,0.0,0.0,1.0,0.0,0.0,0.0
1735198037.096477,handAnchor,0.21002659,0.015140813,0.9775784,0.28104886,0.9567426,-0.07519971,-0.9364295,0.29054123,0.19668604,0.38448244,-0.29392344,-0.1831269
1735198037.096477,indexFingerTipParent,1.0,-1.676657e-09,-2.6275768e-09,6.961457e-09,1.0,2.8634197e-09,9.429089e-09,4.536951e-09,1.0,-0.022544444,0.00033430755,5.3077936e-05
1735198037.096477,indexFingerTipAnchor,0.91770315,0.3596782,0.16867925,-0.36176124,0.9320711,-0.019304257,-0.16416425,-0.04330585,0.98548216,-0.1775153,-0.025765218,0.0128211295
1735198037.129884,contentEntity,1.0,0.0,0.0,0.0,1.0,0.0,0.0,0.0,1.0,0.0,0.0,0.0
1735198037.129884,handAnchor,0.08942186,0.013744859,0.9958989,0.28721896,0.9570708,-0.03899835,-0.9536819,0.28952837,0.08163527,0.29053485,0.72987366,-0.32777274
1735198037.129884,indexFingerTipParent,0.9999999,-1.3754509e-09,2.9975928e-09,-5.8516303e-09,0.99999994,-4.9515245e-09,8.675967e-09,1.24674875e-08,0.9999999,-0.022673547,0.00033588707,4.5984983e-05
1735198037.129884,indexFingerTipAnchor,0.91708535,0.35839096,0.17467126,-0.36305127,0.9317522,-0.0056255134,-0.16476652,-0.058255427,0.9846106,-0.1777698,-0.025986034,0.011739788
1735198037.163085,contentEntity,1.0,0.0,0.0,0.0,1.0,0.0,0.0,0.0,1.0,0.0,0.0,0.0
1735198037.163085,handAnchor,0.08209972,0.018290889,0.99645615,0.29147902,0.95567393,-0.04155775,-0.95304745,0.29385796,0.07312913,0.2897855,0.73033845,-0.32699114
1735198037.163085,indexFingerTipParent,0.99999994,4.8908273e-09,3.6320447e-09,1.0947883e-09,0.9999999,-6.752374e-09,-1.7104773e-09,-4.35374e-09,0.99999994,-0.022679836,0.0003325157,4.476309e-05
1735198037.163085,indexFingerTipAnchor,0.92157763,0.3514205,0.16491954,-0.35415193,0.93509007,-0.013529642,-0.1589692,-0.04593793,0.98621416,-0.17812768,-0.025521873,0.012707556
1735198037.196391,contentEntity,1.0,0.0,0.0,0.0,1.0,0.0,0.0,0.0,1.0,0.0,0.0,0.0
1735198037.196391,handAnchor,0.07477379,0.025695924,0.9968694,0.28843394,0.9563803,-0.046287287,-0.9545758,0.29099208,0.06410061,0.2889207,0.73100126,-0.32646313
1735198037.196391,indexFingerTipParent,1.0,1.5023007e-08,6.352529e-09,2.5244603e-08,1.0,8.891181e-09,1.613035e-09,7.4846955e-09,0.99999994,-0.02275294,0.00033708662,3.951788e-05
1735198037.196391,indexFingerTipAnchor,0.9236432,0.34932846,0.15764773,-0.35259154,0.9357457,-0.00770013,-0.15020794,-0.04847305,0.9874653,-0.17861074,-0.025038967,0.013303252
1735198037.230068,contentEntity,1.0,0.0,0.0,0.0,1.0,0.0,0.0,0.0,1.0,0.0,0.0,0.0
1735198037.230068,handAnchor,0.08025958,0.02185856,0.99653447,0.2813288,0.9586167,-0.043684687,-0.9562495,0.28385994,0.070788704,0.2887974,0.73092806,-0.32667077
1735198037.230068,indexFingerTipParent,1.0000001,-6.156906e-10,2.1562918e-09,-1.652542e-08,1.0,5.36492e-09,3.7855408e-09,1.876744e-08,1.0,-0.022730201,0.00033835694,2.9623508e-05
1735198037.230068,indexFingerTipAnchor,0.9213358,0.35230133,0.16439064,-0.35786715,0.93376124,0.004565295,-0.15189314,-0.06303605,0.98638463,-0.17846407,-0.025362786,0.012248665
1735198037.263167,contentEntity,1.0,0.0,0.0,0.0,1.0,0.0,0.0,0.0,1.0,0.0,0.0,0.0
1735198037.263167,handAnchor,0.077223286,0.017781684,0.9968552,0.27765322,0.9599042,-0.0386315,-0.9575726,0.2797633,0.06918978,0.28857598,0.7304605,-0.3269414
1735198037.263167,indexFingerTipParent,1.0,1.0955958e-08,-7.367121e-09,5.32086e-09,1.0,-1.3293745e-08,-9.207845e-09,-2.209564e-09,1.0000001,-0.022716463,0.00034506992,2.4735928e-05
1735198037.263167,indexFingerTipAnchor,0.91801995,0.3635961,0.15823309,-0.36751202,0.9300063,-0.0048237136,-0.14891171,-0.05372444,0.9873901,-0.17810954,-0.025872987,0.012774078
1735198037.296494,contentEntity,1.0,0.0,0.0,0.0,1.0,0.0,0.0,0.0,1.0,0.0,0.0,0.0
1735198037.296494,handAnchor,0.079306915,0.015019933,0.99673694,0.2789892,0.9595942,-0.036658425,-0.9570136,0.28098616,0.07191207,0.28849953,0.7302,-0.3270416
1735198037.296494,indexFingerTipParent,0.99999994,2.5324027e-09,3.2317535e-09,-1.7250912e-09,1.0,6.1809735e-09,-2.8601062e-09,5.116617e-09,0.99999994,-0.02261594,0.00034371018,2.4437904e-05
1735198037.296494,indexFingerTipAnchor,0.9173931,0.36528668,0.15797494,-0.3679437,0.9297551,-0.013155414,-0.15168345,-0.046057135,0.98735553,-0.17782587,-0.025755053,0.012504766
1735198037.3298469,contentEntity,1.0,0.0,0.0,0.0,1.0,0.0,0.0,0.0,1.0,0.0,0.0,0.0
1735198037.3298469,handAnchor,0.082020104,0.012769852,0.9965488,0.2755865,0.9606391,-0.03499163,-0.9577706,0.27750543,0.075272545,0.28800282,0.7302682,-0.32714275
1735198037.3298469,indexFingerTipParent,1.0,5.699622e-09,-3.7144567e-09,-1.2429069e-08,1.0,8.0943945e-09,1.4380452e-08,1.1081637e-08,0.99999994,-0.02260667,0.0003422983,2.1189451e-05
1735198037.3298469,indexFingerTipAnchor,0.916698,0.36519465,0.16216654,-0.36950853,0.9292198,-0.0038132896,-0.15208082,-0.056426186,0.98675615,-0.1775919,-0.025761897,0.01187519
1735198037.3632479,contentEntity,1.0,0.0,0.0,0.0,1.0,0.0,0.0,0.0,1.0,0.0,0.0,0.0
1735198037.3632479,handAnchor,0.08587958,0.010578195,0.99624944,0.2723434,0.96161026,-0.03368717,-0.9583601,0.27421492,0.07970181,0.28833693,0.72989523,-0.3276462
1735198037.3632479,indexFingerTipParent,0.99999994,-7.365564e-09,-5.326623e-09,1.890291e-08,0.99999994,-4.3220854e-09,2.5167726e-09,-2.240134e-08,0.99999994,-0.02262628,0.0003395304,2.0951033e-05
1735198037.3632479,indexFingerTipAnchor,0.91664726,0.36344382,0.16633083,-0.3680484,0.9298004,-0.003364509,-0.15587744,-0.058133893,0.9860641,-0.17731944,-0.025725348,0.011523044
1735198037.3965611,contentEntity,1.0,0.0,0.0,0.0,1.0,0.0,0.0,0.0,1.0,0.0,0.0,0.0
1735198037.3965611,handAnchor,0.08724246,0.009589902,0.996141,0.269909,0.9623236,-0.032903075,-0.95892537,0.27173793,0.08136704,0.2885091,0.72963774,-0.32812008
1735198037.3965611,indexFingerTipParent,1.0,4.309158e-08,1.7390018e-09,-7.863079e-09,1.0,-1.0445065e-08,3.1806664e-09,-9.319637e-09,1.0,-0.02257052,0.0003428571,2.041459e-05
1735198037.3965611,indexFingerTipAnchor,0.91484874,0.36826298,0.16563204,-0.37194094,0.92820877,-0.009389869,-0.15719903,-0.053015072,0.9861428,-0.176831,-0.025603686,0.011681005
1735198037.429801,contentEntity,1.0,0.0,0.0,0.0,1.0,0.0,0.0,0.0,1.0,0.0,0.0,0.0
1735198037.429801,handAnchor,0.08985983,0.008366313,0.99591947,0.2655926,0.96355224,-0.032058295,-0.9598885,0.2673895,0.084362574,0.28840324,0.7296762,-0.32811552
1735198037.429801,indexFingerTipParent,0.99999994,3.4219614e-09,-3.231511e-09,-1.1632713e-08,1.0,-2.044609e-09,3.5857015e-09,1.2405545e-08,1.0,-0.022554517,0.00034080446,1.8119812e-05
1735198037.429801,indexFingerTipAnchor,0.91476685,0.36705798,0.16873059,-0.3713784,0.9284598,-0.0063655735,-0.158996,-0.05683978,0.98564166,-0.17646776,-0.025404159,0.011362582
1735198037.4631782,contentEntity,1.0,0.0,0.0,0.0,1.0,0.0,0.0,0.0,1.0,0.0,0.0,0.0
1735198037.4631782,handAnchor,0.089165635,0.011008424,0.99595606,0.267947,0.962811,-0.03463073,-0.9592987,0.26995125,0.0829,0.28830686,0.72981375,-0.32795382
1735198037.4631782,indexFingerTipParent,1.0,-9.721951e-09,2.600442e-09,1.5516225e-08,1.0,4.3515733e-09,-4.932943e-10,-4.793641e-09,1.0,-0.022579193,0.00033970922,2.0891428e-05
1735198037.4631782,indexFingerTipAnchor,0.9161432,0.363046,0.16993938,-0.3655747,0.93062127,-0.017298382,-0.1644294,-0.04627777,0.9853025,-0.1767833,-0.025104893,0.011453759
1735198037.496583,contentEntity,1.0,0.0,0.0,0.0,1.0,0.0,0.0,0.0,1.0,0.0,0.0,0.0
1735198037.496583,handAnchor,0.086413465,0.0120498035,0.9961864,0.27236497,0.96154773,-0.03525691,-0.9583058,0.274373,0.07980875,0.2881403,0.7300291,-0.32773042
1735198037.496583,indexFingerTipParent,1.0,-3.3053617e-08,-3.9883226e-09,4.160281e-09,0.99999994,-3.8922554e-10,-1.5018518e-08,-1.1974985e-08,0.99999994,-0.022544652,0.00033928826,1.5348196e-05
1735198037.496583,indexFingerTipAnchor,0.9177015,0.36197826,0.1636935,-0.36491063,0.93095344,-0.012865293,-0.157048,-0.047926955,0.9864273,-0.17659716,-0.025343133,0.012227227
1735198037.530174,contentEntity,1.0,0.0,0.0,0.0,1.0,0.0,0.0,0.0,1.0,0.0,0.0,0.0
1735198037.530174,handAnchor,0.083353415,0.013280988,0.99643135,0.27588007,0.9605219,-0.035880253,-0.95757085,0.27788633,0.076398805,0.28845537,0.7296656,-0.32800943
1735198037.530174,indexFingerTipParent,1.0000001,-2.7572256e-09,5.908018e-09,1.1945813e-08,1.0000001,-4.3632875e-09,8.288843e-09,5.2987943e-09,1.0000001,-0.02260831,0.00033889338,8.076429e-06
1735198037.530174,indexFingerTipAnchor,0.9192956,0.36023134,0.15852231,-0.36338517,0.9315894,-0.009646628,-0.15115252,-0.04873633,0.98730844,-0.17674549,-0.025422035,0.013059588
1735198037.563846,contentEntity,1.0,0.0,0.0,0.0,1.0,0.0,0.0,0.0,1.0,0.0,0.0,0.0
1735198037.563846,handAnchor,0.08330938,0.01551448,0.9964031,0.2762485,0.9603329,-0.03805003,-0.9574688,0.27842474,0.07571887,0.28770682,0.7304426,-0.32739976
1735198037.563846,indexFingerTipParent,1.0,3.847673e-08,4.2891073e-09,1.3622845e-09,1.0000001,1.6613178e-10,1.1083653e-08,1.1997229e-08,1.0,-0.022547424,0.00034185871,5.841255e-06
1735198037.563846,indexFingerTipAnchor,0.9191077,0.36146086,0.15680344,-0.36436346,0.9311937,-0.010846159,-0.1499348,-0.047164656,0.98757017,-0.17693712,-0.025455924,0.012729645
1735198037.597602,contentEntity,1.0,0.0,0.0,0.0,1.0,0.0,0.0,0.0,1.0,0.0,0.0,0.0
1735198037.597602,handAnchor,0.08647565,0.01427888,0.99615175,0.2816308,0.95876265,-0.038191233,-0.9556183,0.2838496,0.07888822,0.28762665,0.7306456,-0.32704496
1735198037.597602,indexFingerTipParent,1.0,9.668277e-09,-9.969953e-09,-1.1013363e-08,1.0,-8.207719e-09,2.7610974e-09,1.022619e-08,1.0,-0.022547066,0.0003404133,5.2154064e-06
1735198037.597602,indexFingerTipAnchor,0.9195204,0.3586197,0.1608527,-0.3615244,0.9322869,-0.0118584875,-0.15421353,-0.047248088,0.9869068,-0.17685913,-0.025550187,0.012238145
1735198037.641564,contentEntity,1.0,0.0,0.0,0.0,1.0,0.0,0.0,0.0,1.0,0.0,0.0,0.0
1735198037.641564,handAnchor,0.08674738,0.015588491,0.9961086,0.2813451,0.95879334,-0.03950584,-0.95567787,0.28367722,0.07878703,0.2874394,0.73084855,-0.32684994
1735198037.641564,indexFingerTipParent,1.0000001,1.4751872e-08,-5.727162e-08,3.006836e-08,1.0,6.435315e-08,7.0870264e-08,-4.7467967e-08,1.0,-0.022546375,0.000340775,4.3571467e-06
1735198037.641564,indexFingerTipAnchor,0.91982776,0.35732242,0.16198093,-0.3602901,0.9327669,-0.011691455,-0.1552681,-0.047606006,0.9867246,-0.17678694,-0.025195986,0.012169714
1735198037.653189,contentEntity,1.0,0.0,0.0,0.0,1.0,0.0,0.0,0.0,1.0,0.0,0.0,0.0
1735198037.653189,handAnchor,0.086324655,0.016875269,0.9961243,0.28004223,0.9591324,-0.040517207,-0.9560987,0.28245446,0.078070976,0.28730786,0.7309679,-0.3267673
1735198037.653189,indexFingerTipParent,0.9999999,1.5010723e-08,2.969187e-08,1.4292163e-08,0.99999994,2.8663418e-08,2.4724006e-08,-6.1955035e-08,1.0,-0.022545895,0.00034108508,3.7323014e-06
1735198037.653189,indexFingerTipAnchor,0.9199928,0.356863,0.1620543,-0.35988146,0.932929,-0.011350353,-0.15523571,-0.047878105,0.9867164,-0.17674543,-0.024897462,0.012213917
1735198037.664486,contentEntity,1.0,0.0,0.0,0.0,1.0,0.0,0.0,0.0,1.0,0.0,0.0,0.0
1735198037.664486,handAnchor,0.08669853,0.01643108,0.996099,0.2806897,0.95895416,-0.04024905,-0.95587474,0.28308427,0.07852786,0.28708494,0.73119986,-0.32656005
1735198037.664486,indexFingerTipParent,0.9999999,8.803353e-08,-5.6480097e-08,-4.5125926e-08,0.99999976,7.156944e-08,4.597369e-08,-8.8031065e-08,0.9999998,-0.022584869,0.00032858975,-6.367033e-05
1735198037.664486,indexFingerTipAnchor,0.9199244,0.35689974,0.16236237,-0.35990623,0.93291724,-0.011525711,-0.15558414,-0.047832474,0.986664,-0.1766773,-0.024849195,0.011938033
1735198037.674406,contentEntity,1.0,0.0,0.0,0.0,1.0,0.0,0.0,0.0,1.0,0.0,0.0,0.0
1735198037.674406,handAnchor,0.08413307,0.016882518,0.9963116,0.2814022,0.9587556,-0.040009018,-0.95589465,0.28373036,0.07591228,0.28719157,0.7310186,-0.32657242
1735198037.674406,indexFingerTipParent,0.99999994,8.89324e-08,1.3252745e-10,-5.2528854e-08,1.0,1.4863486e-08,-2.8483939e-08,1.1146523e-08,0.99999994,-0.02255426,0.00033848142,1.3082464e-06
1735198037.674406,indexFingerTipAnchor,0.92079777,0.35515213,0.16123953,-0.35813597,0.9336026,-0.011164666,-0.15449893,-0.047465302,0.98685205,-0.1767621,-0.024892306,0.012410135
1735198037.685481,contentEntity,1.0,0.0,0.0,0.0,1.0,0.0,0.0,0.0,1.0,0.0,0.0,0.0
1735198037.685481,handAnchor,0.08241482,0.016423818,0.9964628,0.28274736,0.95839393,-0.039181646,-0.95564735,0.28497636,0.074342065,0.28715938,0.7309977,-0.326472
1735198037.685481,indexFingerTipParent,1.0000001,5.241769e-08,2.8810657e-08,-8.945258e-08,0.99999994,4.0667043e-09,-3.4505594e-09,-2.7728548e-08,1.0,-0.022561025,0.00033655463,-1.9359778e-08
1735198037.685481,indexFingerTipAnchor,0.92134196,0.35413903,0.16035584,-0.35707453,0.9340095,-0.01110917,-0.15370807,-0.047023684,0.9869966,-0.1767969,-0.025007652,0.012572607
1735198037.696604,contentEntity,1.0,0.0,0.0,0.0,1.0,0.0,0.0,0.0,1.0,0.0,0.0,0.0
1735198037.696604,handAnchor,0.08065255,0.017112585,0.9965957,0.28295487,0.95832586,-0.039354444,-0.9557365,0.28516552,0.07244937,0.28697303,0.7311506,-0.32636237
1735198037.696604,indexFingerTipParent,0.9999999,2.8216496e-08,-5.6058052e-08,-2.5921348e-10,0.99999994,3.2204447e-08,6.992432e-08,-3.001424e-08,0.99999994,-0.022564005,0.00033546312,-2.3404666e-06
1735198037.696604,indexFingerTipAnchor,0.921793,0.35337964,0.15943713,-0.35641253,0.9342734,-0.010127259,-0.15253678,-0.04749016,0.987156,-0.17684457,-0.025013443,0.012725258
1735198037.7076411,contentEntity,1.0,0.0,0.0,0.0,1.0,0.0,0.0,0.0,1.0,0.0,0.0,0.0
1735198037.7076411,handAnchor,0.07864068,0.01813461,0.99673814,0.28287515,0.95833266,-0.039754175,-0.9559275,0.2850787,0.070234135,0.2867256,0.7313664,-0.32624748
1735198037.7076411,indexFingerTipParent,0.99999994,-2.4848584e-10,1.9732799e-11,-5.6819316e-10,0.99999994,-1.4286935e-08,1.7706512e-09,1.4802185e-08,0.99999994,-0.02256612,0.00033445007,-5.38128e-06
1735198037.7076411,indexFingerTipAnchor,0.9222495,0.35269284,0.15831561,-0.35587427,0.93449324,-0.00874307,-0.15102859,-0.048277162,0.9873501,-0.17690733,-0.025016116,0.012896927
1735198037.718607,contentEntity,1.0,0.0,0.0,0.0,1.0,0.0,0.0,0.0,1.0,0.0,0.0,0.0
1735198037.718607,handAnchor,0.076391265,0.019535443,0.9968868,0.28248554,0.9584195,-0.040428445,-0.9562253,0.28469443,0.06769637,0.28641325,0.73164946,-0.32612705
1735198037.718607,indexFingerTipParent,1.0,-8.1484245e-08,2.859397e-08,6.801666e-08,0.99999994,6.46536e-09,2.8750913e-08,-1.0861321e-08,1.0,-0.022567322,0.00033362026,-9.042023e-06
1735198037.718607,indexFingerTipAnchor,0.92270863,0.35207415,0.15701081,-0.35545775,0.9346665,-0.0069293235,-0.14919236,-0.049416933,0.9875724,-0.17698577,-0.02500884,0.013086254
1735198037.7297359,contentEntity,1.0,0.0,0.0,0.0,1.0,0.0,0.0,0.0,1.0,0.0,0.0,0.0
1735198037.7297359,handAnchor,0.07663293,0.019719295,0.9968643,0.28218707,0.9584977,-0.0406532,-0.95629376,0.28441757,0.06788796,0.28627732,0.73182964,-0.32607847
1735198037.7297359,indexFingerTipParent,1.0,-1.3992703e-08,-1.7297018e-07,3.7224243e-08,1.0,2.8421674e-08,1.4732359e-07,-2.3297616e-08,0.99999994,-0.022581995,0.0003343622,-1.2620621e-05
1735198037.7297359,indexFingerTipAnchor,0.9218085,0.35358766,0.15888815,-0.35715124,0.93402404,-0.0065102135,-0.15070733,-0.050745945,0.98727524,-0.17714909,-0.025061918,0.012908474
1735198037.740864,contentEntity,1.0,0.0,0.0,0.0,1.0,0.0,0.0,0.0,1.0,0.0,0.0,0.0
1735198037.740864,handAnchor,0.07788934,0.01952622,0.9967706,0.28174838,0.95862055,-0.040795196,-0.9563215,0.28401607,0.06916483,0.28618804,0.7319986,-0.32606024
1735198037.740864,indexFingerTipParent,0.99999976,4.3376684e-08,-2.790215e-08,-1.10481076e-10,0.99999976,-3.2942065e-08,-4.439585e-08,4.4397954e-08,0.9999999,-0.022602485,0.000336117,-1.720539e-05
1735198037.740864,indexFingerTipAnchor,0.9202628,0.35615036,0.16209204,-0.35991812,0.93296146,-0.0065103774,-0.15354434,-0.052348636,0.9867544,-0.17735866,-0.02514117,0.012570958
1735198037.751889,contentEntity,1.0,0.0,0.0,0.0,1.0,0.0,0.0,0.0,1.0,0.0,0.0,0.0
1735198037.751889,handAnchor,0.080229685,0.01893522,0.9965966,0.28118882,0.95878255,-0.040853497,-0.95629287,0.2835094,0.07159848,0.28615072,0.73215264,-0.32607406
1735198037.751889,indexFingerTipParent,1.0,5.8905933e-08,-2.8507202e-08,-5.9546085e-08,1.0000001,-1.0687927e-07,4.1936488e-08,9.2233385e-08,1.0,-0.022629604,0.0003389116,-2.1927102e-05
1735198037.751889,indexFingerTipAnchor,0.9180188,0.35978323,0.16672462,-0.36378017,0.93145865,-0.0069939443,-0.15781347,-0.054230534,0.9859786,-0.1776156,-0.025245868,0.0120631065
1735198037.763119,contentEntity,1.0,0.0,0.0,0.0,1.0,0.0,0.0,0.0,1.0,0.0,0.0,0.0
1735198037.763119,handAnchor,0.081314564,0.018686099,0.9965132,0.2809581,0.95884776,-0.040905733,-0.9562689,0.2833047,0.07271828,0.28601697,0.7323392,-0.3260659
1735198037.763119,indexFingerTipParent,1.0,1.3297993e-07,-2.2968706e-07,-1.2702398e-07,1.0,-1.3505661e-07,1.2460077e-07,1.02730155e-07,1.0000001,-0.022630475,0.00033824102,-2.6808968e-05
1735198037.763119,indexFingerTipAnchor,0.91722697,0.36063275,0.16923091,-0.36466873,0.9311056,-0.0077011343,-0.16034909,-0.054649528,0.9855465,-0.17772451,-0.025272744,0.011764668
1735198037.774328,contentEntity,1.0,0.0,0.0,0.0,1.0,0.0,0.0,0.0,1.0,0.0,0.0,0.0
1735198037.774328,handAnchor,0.08247448,0.018351376,0.9964242,0.28079697,0.95889515,-0.040901866,-0.95621693,0.28316626,0.07393142,0.28587154,0.73253113,-0.32606655
1735198037.774328,indexFingerTipParent,1.0000002,4.45488e-08,-1.4491525e-07,1.6043712e-08,1.0000002,-3.8764767e-08,1.4334617e-07,4.5981533e-08,1.0000001,-0.022623533,0.00033709768,-3.247108e-05
1735198037.774328,indexFingerTipAnchor,0.91666895,0.36092493,0.17161371,-0.36492145,0.930997,-0.008785803,-0.1629429,-0.054571822,0.9851251,-0.17779663,-0.025281489,0.011460205
1735198037.785274,contentEntity,1.0,0.0,0.0,0.0,1.0,0.0,0.0,0.0,1.0,0.0,0.0,0.0
1735198037.785274,handAnchor,0.083622076,0.017962972,0.9963357,0.28072476,0.95891863,-0.0408495,-0.95613855,0.28311205,0.07514406,0.28570852,0.7327304,-0.32607388
1735198037.785274,indexFingerTipParent,0.9999999,-1.4853306e-08,-8.436486e-08,4.429684e-08,0.9999998,2.0908477e-08,2.5947408e-08,-3.158338e-08,0.99999994,-0.022607345,0.0003348871,-3.8631166e-05
1735198037.785274,indexFingerTipAnchor,0.916434,0.36049327,0.17375936,-0.3643646,0.93119997,-0.010216167,-0.16548759,-0.05394934,0.9847346,-0.1778248,-0.025267463,0.011163703
1735198037.796579,contentEntity,1.0,0.0,0.0,0.0,1.0,0.0,0.0,0.0,1.0,0.0,0.0,0.0
1735198037.796579,handAnchor,0.083987705,0.017897941,0.99630606,0.28051567,0.95897865,-0.0408746,-0.95616794,0.28291243,0.07552174,0.28556222,0.7329565,-0.32612556
1735198037.796579,indexFingerTipParent,1.0,-5.8648975e-08,-5.593759e-08,-1.5607652e-08,0.99999994,3.0865226e-09,1.1341769e-07,-1.661404e-08,0.9999999,-0.022588694,0.00028773476,-0.000104957195
1735198037.796579,indexFingerTipAnchor,0.9159067,0.3613006,0.17486179,-0.365241,0.9308564,-0.010249867,-0.16647439,-0.054478712,0.9845394,-0.17791928,-0.02527492,0.0110272765
1735198037.8076649,contentEntity,1.0,0.0,0.0,0.0,1.0,0.0,0.0,0.0,1.0,0.0,0.0,0.0
1735198037.8076649,handAnchor,0.08360455,0.017906552,0.99633807,0.2805317,0.9589782,-0.04077501,-0.9561968,0.28291333,0.0751516,0.28551617,0.7328901,-0.32607228
1735198037.8076649,indexFingerTipParent,0.9999999,7.373963e-08,-5.5791716e-08,-1.5662472e-08,0.9999999,-3.570952e-08,1.0919046e-07,4.665024e-08,0.9999998,-0.022621995,0.00033527226,-4.588723e-05
1735198037.8076649,indexFingerTipAnchor,0.9157898,0.36207473,0.17387,-0.3659244,0.9305849,-0.010532933,-0.16561446,-0.053977266,0.9847121,-0.17795315,-0.025369879,0.011056031
1735198037.818583,contentEntity,1.0,0.0,0.0,0.0,1.0,0.0,0.0,0.0,1.0,0.0,0.0,0.0
1735198037.818583,handAnchor,0.083078064,0.017961528,0.9963812,0.2803353,0.9590404,-0.040662695,-0.9563002,0.282699,0.07463999,0.2853008,0.7330367,-0.32607067
1735198037.818583,indexFingerTipParent,1.0,8.7874916e-11,-2.8581113e-08,3.8185954e-11,1.0,-2.8231138e-08,-2.4555206e-08,4.090222e-08,1.0,-0.022644714,0.00033654162,-5.3669548e-05
1735198037.818583,indexFingerTipAnchor,0.91514623,0.36412418,0.17297669,-0.3679487,0.929786,-0.010582039,-0.16468446,-0.053962428,0.9848691,-0.17810002,-0.025509564,0.011034604
1735198037.829916,contentEntity,1.0,0.0,0.0,0.0,1.0,0.0,0.0,0.0,1.0,0.0,0.0,0.0
1735198037.829916,handAnchor,0.081999116,0.018142588,0.9964673,0.28012916,0.959107,-0.040514152,-0.9564538,0.28246167,0.07356368,0.28506246,0.7331685,-0.32606846
1735198037.829916,indexFingerTipParent,0.9999999,1.0341324e-07,-8.4584066e-08,-5.2812926e-08,0.9999998,-2.811846e-08,9.3479365e-08,5.313618e-08,0.9999998,-0.022677118,0.00033877415,-6.21339e-05
1735198037.829916,indexFingerTipAnchor,0.9144749,0.36673197,0.1710064,-0.37053654,0.9287606,-0.010291334,-0.16259828,-0.053952973,0.98521614,-0.17827064,-0.025691716,0.011106578
1735198037.8631182,contentEntity,1.0,0.0,0.0,0.0,1.0,0.0,0.0,0.0,1.0,0.0,0.0,0.0
1735198037.8631182,handAnchor,0.080706984,0.019890953,0.99653953,0.28097856,0.9587995,-0.04189334,-0.9563147,0.28338727,0.07179291,0.2848099,0.7333733,-0.32604873
1735198037.8631182,indexFingerTipParent,0.99999994,5.8823467e-08,-2.8703653e-07,-1.1255151e-07,0.9999999,3.711375e-08,2.9811054e-07,-4.9213668e-08,1.0,-0.022702944,0.00034040262,-6.8919275e-05
1735198037.8631182,indexFingerTipAnchor,0.91498196,0.36666587,0.16841537,-0.37008688,0.9289223,-0.011764633,-0.16075854,-0.05156388,0.9856457,-0.17842413,-0.02564126,0.011266866
1735198037.863245,contentEntity,1.0,0.0,0.0,0.0,1.0,0.0,0.0,0.0,1.0,0.0,0.0,0.0
1735198037.863245,handAnchor,0.0770053,0.025644362,0.99670094,0.28393295,0.9577122,-0.04657794,-0.955747,0.286583,0.06646762,0.28424558,0.7338557,-0.32598507
1735198037.863245,indexFingerTipParent,1.0000002,1.3178379e-07,-2.0293643e-07,-1.2559616e-07,1.0000002,4.090413e-08,2.3824396e-07,-6.751907e-08,1.0000002,-0.02276114,0.00034045914,-8.3031075e-05
1735198037.863245,indexFingerTipAnchor,0.917529,0.36377758,0.16064462,-0.36604926,0.93045306,-0.016291331,-0.15539862,-0.043856077,0.98687786,-0.17874421,-0.025299652,0.011848059
1735198037.874202,contentEntity,1.0,0.0,0.0,0.0,1.0,0.0,0.0,0.0,1.0,0.0,0.0,0.0
1735198037.874202,handAnchor,0.07565118,0.027264044,0.9967614,0.283976,0.9576416,-0.04774693,-0.95584214,0.2866684,0.064704366,0.2838963,0.73415256,-0.32594317
1735198037.874202,indexFingerTipParent,0.99999994,5.9109997e-08,-8.595148e-08,-8.942735e-08,0.99999994,1.5312368e-08,4.7439244e-08,5.6170393e-09,0.99999994,-0.022764279,0.0003390347,-9.2068934e-05
1735198037.874202,indexFingerTipAnchor,0.9186247,0.3620281,0.15831907,-0.36444953,0.9311106,-0.0145018175,-0.15266255,-0.044377603,0.987282,-0.17878498,-0.025250599,0.011965064
1735198037.885275,contentEntity,1.0,0.0,0.0,0.0,1.0,0.0,0.0,0.0,1.0,0.0,0.0,0.0
1735198037.885275,handAnchor,0.07445442,0.028477322,0.9968177,0.28342885,0.95776457,-0.04853154,-0.95609856,0.2861402,0.06323858,0.2835091,0.7344833,-0.32589412
1735198037.885275,indexFingerTipParent,1.0,1.47488315e-08,-1.6204649e-11,-2.9805832e-08,1.0,-1.7714207e-08,4.769505e-11,2.2586468e-13,1.0,-0.022755213,0.00033618478,-0.00010126724
1735198037.885275,indexFingerTipAnchor,0.91978276,0.35983726,0.15657794,-0.36269996,0.9318423,-0.010898195,-0.1498275,-0.046766844,0.9876059,-0.17876878,-0.025237117,0.012017516
1735198037.896459,contentEntity,1.0,0.0,0.0,0.0,1.0,0.0,0.0,0.0,1.0,0.0,0.0,0.0
1735198037.896459,handAnchor,0.07345938,0.029288646,0.9968682,0.28230846,0.958074,-0.048952203,-0.9565071,0.2850203,0.06211107,0.28308702,0.73484516,-0.32583946
1735198037.896459,indexFingerTipParent,1.0,-2.94639e-08,8.611748e-08,2.2600117e-08,1.0,-7.296294e-09,-1.0596705e-07,3.4205812e-09,0.9999999,-0.022734229,0.0003327383,-0.000110494264
1735198037.896459,indexFingerTipAnchor,0.9209725,0.35728222,0.15543038,-0.36084247,0.93260956,-0.005653721,-0.14697589,-0.050878987,0.98783064,-0.17869665,-0.025252055,0.012003068
1735198037.907526,contentEntity,1.0,0.0,0.0,0.0,1.0,0.0,0.0,0.0,1.0,0.0,0.0,0.0
1735198037.907526,handAnchor,0.07369203,0.029113883,0.9968561,0.28150526,0.9583182,-0.048798494,-0.95672596,0.28421623,0.062424645,0.2827404,0.7351192,-0.32583454
1735198037.907526,indexFingerTipParent,0.99999994,-4.4435634e-08,5.844049e-08,8.11603e-08,0.99999976,-2.6040425e-08,-1.4460136e-07,6.223889e-08,0.9999998,-0.022708565,0.00033047356,-0.000119253345
1735198037.907526,indexFingerTipAnchor,0.921228,0.35704046,0.15446968,-0.3606488,0.9326883,-0.0049697943,-0.14584652,-0.051131006,0.98798496,-0.17857581,-0.025185907,0.011908572
1735198037.9185128,contentEntity,1.0,0.0,0.0,0.0,1.0,0.0,0.0,0.0,1.0,0.0,0.0,0.0
1735198037.9185128,handAnchor,0.07463469,0.028255578,0.9968106,0.28056547,0.95862496,-0.04818009,-0.9569288,0.2832665,0.06361913,0.28241307,0.7353659,-0.3258512
1735198037.9185128,indexFingerTipParent,0.9999998,-8.8228404e-08,2.3264371e-07,4.200517e-08,0.9999995,-9.7731814e-08,-3.032484e-07,1.3451458e-07,0.99999976,-0.02267435,0.0003288647,-0.00012742389
1735198037.9185128,indexFingerTipAnchor,0.92104244,0.35775894,0.15391313,-0.3612422,0.9324546,-0.005682491,-0.14554995,-0.050366133,0.9880681,-0.17840238,-0.025093382,0.01174042
1735198037.929734,contentEntity,1.0,0.0,0.0,0.0,1.0,0.0,0.0,0.0,1.0,0.0,0.0,0.0
1735198037.929734,handAnchor,0.07628744,0.026714118,0.996728,0.2794903,0.95899296,-0.047094367,-0.9571132,0.28216848,0.06569279,0.28210503,0.73558533,-0.32588944
1735198037.929734,indexFingerTipParent,1.0,-1.1757042e-07,2.3056454e-07,1.0414325e-07,1.0000001,-7.321135e-08,-2.6584436e-07,6.469866e-08,0.9999999,-0.022631751,0.00032773305,-0.00013517588
1735198037.929734,indexFingerTipAnchor,0.92041594,0.3594343,0.15375602,-0.36261895,0.93190473,-0.00779324,-0.14608718,-0.048581854,0.98807776,-0.17817628,-0.024974482,0.011498941
1735198037.941084,contentEntity,1.0,0.0,0.0,0.0,1.0,0.0,0.0,0.0,1.0,0.0,0.0,0.0
1735198037.941084,handAnchor,0.07602416,0.026711224,0.99674827,0.27877155,0.9592083,-0.046967734,-0.95734376,0.2814357,0.0654766,0.28181675,0.73579824,-0.32592756
1735198037.941084,indexFingerTipParent,0.9999998,-4.3284988e-08,1.4546877e-07,7.065001e-08,0.9999997,-6.903747e-08,-1.6132566e-07,4.887084e-08,0.9999998,-0.022622032,0.0003261701,-0.00014318665
1735198037.941084,indexFingerTipAnchor,0.92060465,0.35941982,0.15265764,-0.3625374,0.9319356,-0.007877394,-0.14509834,-0.0480921,0.9882476,-0.1781683,-0.024969876,0.011407312
1735198037.951919,contentEntity,1.0,0.0,0.0,0.0,1.0,0.0,0.0,0.0,1.0,0.0,0.0,0.0
1735198037.951919,handAnchor,0.07528023,0.027037319,0.99679583,0.27813482,0.9593899,-0.047028087,-0.95758754,0.2807839,0.0647031,0.28154835,0.73599327,-0.32597733
1735198037.951919,indexFingerTipParent,0.9999997,-4.2866052e-08,-2.7802956e-08,7.258789e-08,0.9999998,-1.5082998e-08,4.241525e-08,-2.7596652e-09,0.9999997,-0.022622537,0.0003245097,-0.00015128123
1735198037.951919,indexFingerTipAnchor,0.92092836,0.35914546,0.15134552,-0.36220473,0.93206584,-0.007813481,-0.14387017,-0.047622375,0.98844993,-0.17823087,-0.025001831,0.011343744
1735198037.963142,contentEntity,1.0,0.0,0.0,0.0,1.0,0.0,0.0,0.0,1.0,0.0,0.0,0.0
1735198037.963142,handAnchor,0.07406934,0.02774973,0.9968669,0.27757943,0.9595357,-0.04733527,-0.95784307,0.2802159,0.06336937,0.2812985,0.7361731,-0.32603782
1735198037.963142,indexFingerTipParent,0.99999994,-1.5075956e-08,-2.4496225e-07,3.6316706e-08,0.9999999,7.534171e-08,3.1513628e-07,-1.252879e-07,1.0,-0.022634313,0.00032281244,-0.0001591477
1735198037.963142,indexFingerTipAnchor,0.92140704,0.3585401,0.14986031,-0.36156788,0.93231577,-0.007483739,-0.1424003,-0.047289137,0.988679,-0.17836864,-0.025067296,0.011307156
1735198037.974271,contentEntity,1.0,0.0,0.0,0.0,1.0,0.0,0.0,0.0,1.0,0.0,0.0,0.0
1735198037.974271,handAnchor,0.07512003,0.028404268,0.9967699,0.2758468,0.9599951,-0.048145086,-0.9582617,0.27857247,0.064279616,0.281034,0.7364193,-0.32609224
1735198037.974271,indexFingerTipParent,0.99999994,4.4316703e-08,-2.5907426e-07,-1.5173406e-08,1.0,7.956121e-08,2.6305642e-07,-5.6717028e-08,0.99999994,-0.022651583,0.0003206518,-0.00016904571
1735198037.974271,indexFingerTipAnchor,0.9217132,0.35763562,0.15013765,-0.36081654,0.93261427,-0.0064392625,-0.14232345,-0.048236992,0.98864394,-0.17847449,-0.02501608,0.011067004
1735198037.987956,contentEntity,1.0,0.0,0.0,0.0,1.0,0.0,0.0,0.0,1.0,0.0,0.0,0.0
1735198037.987956,handAnchor,0.07704334,0.029238626,0.9965988,0.27357787,0.9605838,-0.049331278,-0.9587592,0.27644804,0.066007584,0.28077173,0.7366905,-0.32614917
1735198037.987956,indexFingerTipParent,0.9999999,5.958588e-08,-3.015587e-07,5.9284368e-08,1.0,1.11309056e-07,2.1534112e-07,-7.075051e-08,0.99999976,-0.02267723,0.00031814736,-0.00017963474
1735198037.987956,indexFingerTipAnchor,0.92201513,0.35640886,0.15119867,-0.35984984,0.93299747,-0.0049038627,-0.14281586,-0.04988743,0.9884913,-0.17860235,-0.024923645,0.0107402885
1735198037.9966779,contentEntity,1.0,0.0,0.0,0.0,1.0,0.0,0.0,0.0,1.0,0.0,0.0,0.0
1735198037.9966779,handAnchor,0.079716764,0.03026438,0.99635804,0.270844,0.9612782,-0.05086857,-0.95931673,0.2739127,0.0684331,0.28050804,0.73698676,-0.32620868
1735198037.9966779,indexFingerTipParent,1.0000001,5.91363e-08,-1.876615e-07,-5.1687838e-11,1.0000001,-1.4377065e-08,1.518951e-07,1.0594899e-08,1.0000001,-0.022711106,0.00031329104,-0.0001916836
1735198037.9966779,indexFingerTipAnchor,0.9223498,0.3547927,0.15294899,-0.35857865,0.9334947,-0.003021636,-0.14384925,-0.052057263,0.98822963,-0.17875001,-0.02479278,0.010338986
1735198038.00766,contentEntity,1.0,0.0,0.0,0.0,1.0,0.0,0.0,0.0,1.0,0.0,0.0,0.0
1735198038.00766,handAnchor,0.07949104,0.031104129,0.9963503,0.2711084,0.9611629,-0.051635284,-0.95926094,0.27422345,0.06797124,0.28011107,0.7373027,-0.32627398
1735198038.00766,indexFingerTipParent,1.0000002,-2.9959285e-08,-1.1685587e-07,-6.4552786e-08,1.0000001,-2.8219008e-08,7.165363e-08,5.975221e-08,1.0000002,-0.022737687,0.0003123233,-0.00020091052
1735198038.00766,indexFingerTipAnchor,0.9226651,0.353574,0.15386638,-0.35691965,0.9341142,-0.006247642,-0.14593774,-0.049153388,0.9880719,-0.17884715,-0.024782106,0.010133184
1735198038.018835,contentEntity,1.0,0.0,0.0,0.0,1.0,0.0,0.0,0.0,1.0,0.0,0.0,0.0
1735198038.018835,handAnchor,0.07820648,0.03194722,0.99642503,0.27261707,0.96070546,-0.05219889,-0.95893866,0.27572483,0.06642406,0.27964762,0.7376412,-0.32634342
1735198038.018835,indexFingerTipParent,1.0,2.9613602e-08,2.3064642e-11,-2.9764164e-08,1.0,-3.3170604e-09,1.9305313e-09,1.3851029e-08,1.0,-0.022764994,0.00031193477,-0.000209712
1735198038.018835,indexFingerTipAnchor,0.9229987,0.35233814,0.15469787,-0.35487583,0.9348388,-0.01182489,-0.14878388,-0.04398412,0.987891,-0.17893066,-0.02481024,0.0099881
1735198038.029885,contentEntity,1.0,0.0,0.0,0.0,1.0,0.0,0.0,0.0,1.0,0.0,0.0,0.0
1735198038.029885,handAnchor,0.07586539,0.03279856,0.9965786,0.27537102,0.9599005,-0.052554317,-0.9583398,0.2784159,0.0637915,0.27911738,0.73800206,-0.32641703
1735198038.029885,indexFingerTipParent,1.0,2.9532124e-08,-3.9180152e-11,-4.4556725e-08,1.0,5.112437e-08,-5.820766e-09,-4.236972e-08,0.99999994,-0.022793055,0.0003128242,-0.00021779773
1735198038.029885,indexFingerTipAnchor,0.923346,0.35109586,0.1554467,-0.35243937,0.935626,-0.019755576,-0.15237612,-0.036544304,0.98764664,-0.17900106,-0.024876012,0.009903369
1735198038.040853,contentEntity,1.0,0.0,0.0,0.0,1.0,0.0,0.0,0.0,1.0,0.0,0.0,0.0
1735198038.040853,handAnchor,0.0744825,0.03392454,0.996645,0.27681717,0.95944065,-0.05334557,-0.95803165,0.27986175,0.062070686,0.27873507,0.73829937,-0.32657188
1735198038.040853,indexFingerTipParent,0.99999994,1.0344834e-07,-5.7220323e-08,-2.282152e-08,0.99999994,3.2607524e-08,1.1298107e-07,-5.283016e-08,1.0,-0.022827918,0.000306988,-0.00022862888
1735198038.040853,indexFingerTipAnchor,0.9247905,0.34772596,0.1544322,-0.3490514,0.9369041,-0.019338293,-0.1514126,-0.03602086,0.98781407,-0.17922029,-0.024904257,0.0098053515
1735198038.0518641,contentEntity,1.0,0.0,0.0,0.0,1.0,0.0,0.0,0.0,1.0,0.0,0.0,0.0
1735198038.0518641,handAnchor,0.07288147,0.03516566,0.99672025,0.2784371,0.95892423,-0.05419183,-0.9576851,0.28147352,0.06009637,0.2783759,0.738583,-0.32676315
1735198038.0518641,indexFingerTipParent,1.0,8.934374e-11,1.6942454e-11,1.4675624e-08,1.0,3.5883946e-08,-7.9101685e-09,-6.094835e-08,0.99999994,-0.022865973,0.00030131283,-0.00024604978
1735198038.0518641,indexFingerTipAnchor,0.9266785,0.34358925,0.15236002,-0.34515905,0.9383927,-0.016869156,-0.14876959,-0.036956146,0.9881811,-0.17949384,-0.024939625,0.009738384
1735198038.063078,contentEntity,1.0,0.0,0.0,0.0,1.0,0.0,0.0,0.0,1.0,0.0,0.0,0.0
1735198038.063078,handAnchor,0.07115695,0.03653867,0.9967957,0.28012234,0.9583801,-0.055127237,-0.95732343,0.2831474,0.057960108,0.27804935,0.7388494,-0.32699442
1735198038.063078,indexFingerTipParent,1.0000002,1.0435044e-09,-8.748066e-08,2.1507073e-08,1.0000002,2.1609594e-08,4.455069e-08,-1.0055373e-08,1.0,-0.022907868,0.00029301108,-0.0002659973
1735198038.063078,indexFingerTipAnchor,0.9290447,0.33848652,0.1493417,-0.3406232,0.9401255,-0.011823415,-0.14440204,-0.03988474,0.98871493,-0.17982961,-0.024977788,0.009698539
1735198038.074183,contentEntity,1.0,0.0,0.0,0.0,1.0,0.0,0.0,0.0,1.0,0.0,0.0,0.0
1735198038.074183,handAnchor,0.0694847,0.03807171,0.9968565,0.2812052,0.9580016,-0.05618885,-0.9571291,0.28422543,0.055860486,0.27758476,0.7392185,-0.32711053
1735198038.074183,indexFingerTipParent,0.99999994,-1.56697e-08,5.5268137e-11,3.656896e-08,1.0000001,3.225493e-08,-1.7942233e-09,-1.4799916e-08,1.0,-0.022932164,0.00029011222,-0.0002792868
1735198038.074183,indexFingerTipAnchor,0.9295801,0.3375552,0.14811082,-0.33968705,0.9404687,-0.011435886,-0.14315388,-0.03968076,0.98890436,-0.1800349,-0.025027523,0.009594752
1735198038.085209,contentEntity,1.0,0.0,0.0,0.0,1.0,0.0,0.0,0.0,1.0,0.0,0.0,0.0
1735198038.085209,handAnchor,0.06775296,0.039739948,0.99691045,0.2820731,0.9576775,-0.057346504,-0.95699775,0.285087,0.05367596,0.2770814,0.73962057,-0.32720172
1735198038.085209,indexFingerTipParent,1.0,-2.8402068e-08,-1.0547475e-11,5.2700905e-10,1.0,-1.4407272e-08,1.822262e-09,1.4800174e-08,1.0,-0.022951085,0.00028899554,-0.00029398693
1735198038.085209,indexFingerTipAnchor,0.9296541,0.3378522,0.14696652,-0.3399279,0.9403808,-0.01152883,-0.14209954,-0.03924018,0.98907405,-0.18022196,-0.025085578,0.009481151
1735198038.0963721,contentEntity,1.0,0.0,0.0,0.0,1.0,0.0,0.0,0.0,1.0,0.0,0.0,0.0
1735198038.0963721,handAnchor,0.065990694,0.041503206,0.9969566,0.28268924,0.95742154,-0.058569156,-0.9569388,0.28569394,0.051448457,0.27652913,0.7400624,-0.32725844
1735198038.0963721,indexFingerTipParent,1.0,1.6273918e-07,-1.8650316e-07,-6.694934e-08,1.0000001,1.5067618e-08,1.3657552e-07,6.1672623e-09,1.0,-0.022961492,0.00028946332,-0.0003089627
1735198038.0963721,indexFingerTipAnchor,0.929201,0.33950683,0.14601482,-0.34144545,0.93982047,-0.012354256,-0.14142212,-0.038376454,0.9892051,-0.18038017,-0.025154065,0.009350754
1735198038.107504,contentEntity,1.0,0.0,0.0,0.0,1.0,0.0,0.0,0.0,1.0,0.0,0.0,0.0
1735198038.107504,handAnchor,0.06435171,0.042312466,0.9970296,0.28307626,0.95728713,-0.058896545,-0.956936,0.28602555,0.04962541,0.27587473,0.7405761,-0.3272297
1735198038.107504,indexFingerTipParent,0.99999994,1.4617452e-08,-2.0141688e-07,-5.2512842e-08,0.99999994,2.8969701e-08,2.0018729e-07,-8.879332e-08,1.0000001,-0.022915673,0.00028836928,-0.00032205775
1735198038.107504,indexFingerTipAnchor,0.9288457,0.34127572,0.14413874,-0.34317574,0.93919104,-0.012250448,-0.1395547,-0.03808619,0.9894814,-0.18045089,-0.025322428,0.009177395
1735198038.11854,contentEntity,1.0,0.0,0.0,0.0,1.0,0.0,0.0,0.0,1.0,0.0,0.0,0.0
1735198038.11854,handAnchor,0.06275425,0.0427109,0.99711454,0.283217,0.95724976,-0.05882782,-0.95700043,0.28609157,0.04797507,0.27514523,0.7411454,-0.32714185
1735198038.11854,indexFingerTipParent,0.9999999,5.86092e-08,-1.1569409e-07,-8.929387e-08,0.99999994,-4.6552003e-08,6.876818e-08,6.918481e-08,0.9999999,-0.022838257,0.00028691773,-0.00033433223
1735198038.11854,indexFingerTipAnchor,0.92825955,0.34379727,0.1419069,-0.34566203,0.9382813,-0.012081022,-0.13730215,-0.03783753,0.9898064,-0.18046409,-0.02554494,0.008974612
1735198038.129737,contentEntity,1.0,0.0,0.0,0.0,1.0,0.0,0.0,0.0,1.0,0.0,0.0,0.0
1735198038.129737,handAnchor,0.061200116,0.042696636,0.9972118,0.28311124,0.95730966,-0.05836306,-0.9571325,0.28589377,0.046499573,0.27434146,0.7417697,-0.326995
1735198038.129737,indexFingerTipParent,0.9999999,-2.427924e-10,-8.6111804e-08,4.43353e-08,1.0,3.2452245e-08,1.0260853e-07,-1.8780705e-08,0.9999999,-0.02272941,0.00028471043,-0.0003456012
1735198038.129737,indexFingerTipAnchor,0.92743397,0.34706602,0.13932359,-0.34889913,0.93708533,-0.011839967,-0.13466743,-0.037629087,0.99017584,-0.18041942,-0.025821727,0.008742103
1735198038.1409411,contentEntity,1.0,0.0,0.0,0.0,1.0,0.0,0.0,0.0,1.0,0.0,0.0,0.0
1735198038.1409411,handAnchor,0.0604884,0.043398324,0.9972251,0.28263614,0.9574228,-0.058809962,-0.9573182,0.28540915,0.045647036,0.2738856,0.7421074,-0.32706776
1735198038.1409411,indexFingerTipParent,0.99999976,7.3429945e-08,-1.8716992e-07,-3.072154e-08,0.9999998,5.3940227e-08,3.2069755e-07,-8.171859e-08,0.9999998,-0.022744872,0.00028076937,-0.0003584238
1735198038.1409411,indexFingerTipAnchor,0.9275967,0.3467551,0.13901375,-0.34874523,0.9371577,-0.010568891,-0.13394259,-0.03867677,0.99023366,-0.18053104,-0.025859272,0.008583474
1735198038.151897,contentEntity,1.0,0.0,0.0,0.0,1.0,0.0,0.0,0.0,1.0,0.0,0.0,0.0
1735198038.151897,handAnchor,0.060156595,0.04414851,0.99721223,0.2818674,0.95761305,-0.05939896,-0.9575658,0.28465483,0.045162708,0.27353135,0.7423578,-0.3271979
1735198038.151897,indexFingerTipParent,1.0,-5.86294e-08,-2.308898e-07,-1.0793494e-09,0.99999976,2.8514153e-08,2.217789e-07,-3.466572e-08,0.99999994,-0.022793887,0.00027666538,-0.0003701779
1735198038.151897,indexFingerTipAnchor,0.92802167,0.34541777,0.13950652,-0.34764796,0.93758315,-0.008838662,-0.13385202,-0.040296707,0.99018157,-0.18067354,-0.025830353,0.008437278
1735198038.1632261,contentEntity,1.0,0.0,0.0,0.0,1.0,0.0,0.0,0.0,1.0,0.0,0.0,0.0
1735198038.1632261,handAnchor,0.06023709,0.04500553,0.99716896,0.28079772,0.95787734,-0.060194608,-0.9578748,0.2836287,0.045062322,0.27329782,0.74250543,-0.32739776
1735198038.1632261,indexFingerTipParent,1.0,3.464338e-10,-1.1560274e-07,3.0246756e-08,1.0000001,3.7611034e-09,5.696136e-08,-2.4336975e-08,1.0000001,-0.022883419,0.00027132835,-0.00038171627
1735198038.1632261,indexFingerTipAnchor,0.9287739,0.34283295,0.140871,-0.34539744,0.93843335,-0.006599628,-0.13446069,-0.04252694,0.9900059,-0.18085606,-0.025720546,0.008308915
1735198038.174202,contentEntity,1.0,0.0,0.0,0.0,1.0,0.0,0.0,0.0,1.0,0.0,0.0,0.0
1735198038.174202,handAnchor,0.062001966,0.042068537,0.9971891,0.27945095,0.95841825,-0.057808243,-0.9581561,0.28224966,0.047667746,0.2730947,0.7425759,-0.3275969
1735198038.174202,indexFingerTipParent,1.0000001,-5.8698216e-08,-2.602428e-07,4.4293305e-08,1.0000001,4.69136e-08,2.4531025e-07,-8.088855e-08,1.0000001,-0.022869403,0.00026386685,-0.00039143756
